Are	216	102	150	206	135	118	337
tourists	156	156	360	527	206	294	738	404	108	179
enticed	401	406	101	169	182	364	623	238	441	261
by	181	335	162	369	1020	278	333
these	525	188	200	570	236	234	333	363	837	154
attractions	541	399	477	335	146	322	461	1409	359	246
threatening	560	264	418	207	322	307	305	764	1014	450
their	168	232	220	192	266	256	305	253	402	396
very	537	388	200	278	234	243	225
existence?	828	301	157	195	161	312	222	1448	682	865
The	204	272
two	314	201	96	536	326	455
young	281	171	158	584	340	374
sea-lions	265	775	391	363	238	412	609	178	161	288
took	186	201	178	268	305	326	195	330
not	655	478	371	224	206	263	407	200	697
the	232	872	86	465	228
slightest	55	284	180	513	161	303	367	376	248	202
interest	527	449	230	288	135	192	209	441	206	360
in	266	191	263
our	284	198	109	224	425	160	200	445
arrival.	187	279	377	335	378	153	224	172	165	228
They	154	562	178	122	411	231
were	265
playing	385	167	292	410	259	322	236	254
on	180	165
the	191	204	178	202	366	239	266
jetty,	208	413	229	273	220	326	346
rolling	203	308	342	255	234	124	426	77	208	214
over	195	211	157	136	302	319	188	179
and	326	152	248	305	163
tumbling	217	254	202	231	89	321	212	167	191	333
into	143	213	222	226	449	146	377
the	219	200	235	249	202
water	221	203	146	187	80	178
together,	313	191	203	188	324	1037	353	1726
entirely	294	311	153	227	137	306	178
ignoring	84	404	210	241	188	221	127	375
the	140	325
human	321	371	202	256	168	192
beings	355	573	344	145	378	225	229	227
edging	240	361	51	208	256	309	247	398
awkwardly	628	464	262	334	333	228	1131	210	431
round	602	302	240	187	259	246	262
them.	173	88	124	376	232	289	457
Our	291	180	92	257
party	189	877	186	254	220	59	404	317	599
then	150	211	534	250	385	114
had	158	1084	208	204	437
to	523	173
step	786	148	239	86	199	225
gingerly	604	1090	726	246	207	341	246	223
over	476	354	170	565	158	134
hundreds	208	1381	198	228	211	591	177	164
of	79	729
marine	241	1368	232	189	329	203	310
iguanas	703	1430	269	466	352	300	179	782
basking	186	1115	526	295	165	401	609	129
on	212	359	65	534	134
the	200	660	158	274
rocks,	423	714	2142	287	187	449	684
strange	216	315	271	301	64	514	265	522
creatures	221	535	363	183	268	347	940	345	245
with	70	650
richly	206	978	377	232	510	366	526	319	511
coloured	218	826	229	238	241	291	1054	191	205
velvet	296	358	186	183	208	286	968	178	254
coats,	202	251	249	192	603	312	254	342	520
looking	90	502	201	290	239	467	748	195	242
like	423	177	157	218	262	190	273
something	150	229	100	117	403	571	210	104
between	213	180	206	144	203	195	157
a	
giant	181	268	216	158	222	201	188	167	486
lizard	160	365	209	141	236	78	181	175
and	151	705	451
a	222
miniature	229	271	370	274	289	404	289	182	229
dinosaur,	507	333	307	126	181	347	409	310	583
and	195	227	215	188
found	191	229	233	376	99	236	292	179	161
nowhere	230	280	229	218	302	297	248	220
else	216	202	180	655	621	182	228
on	311	259	197	181	111
earth	278	206	132	204	270	419
except	136	283	296	234	79	449	141
here	168	210	157	155	177	353
in	241	429	254	164	188
the	167
Galapagos.	523	452	379	193	91	732	265	310	443
A	768	301	306
little	197	644	295	221	364	564	478	188	413
further	259	308	215	180	220	264	162	203	396
on	247	276	334	435	266
were	788	343	268	130	178	443	190	204	506
the	431	170	164	305	393
blue-footed	841	316	341	743	251	535	749	550	153
boobies,	493	336	319	178	1868	290	238
birds	256	174	599	274	773	353	172
with	226	575	221	316	252	163
brilliant	251	678	202	244	226	293	211
china-blue	580	525	375	289	701	418	624	672
feet,	168	455	172	255	560	720	286	283
again	240	910	396	274	191	218
unique.	272	363	202	351	350	353	208	472
And	209	197	206	234
then	371	299	124	126	434	207	510
there	515	340	181	396	217	209	203	1119
were	121	102	106	432	149	142
the	216	299	231
flightless	305	485	276	398	707	203	665
cormorants,	376	397	246	340	410	1278	457	605
birds	208	339	368	262	765	213
with	314	119	165	232	181
vestigial	546	450	236	228	1510	392	187	752
wings	281	583	405	433	425	204	649
who,	144	238	196	294	131	253	160	170
over	219	133	407	272	209
the	184	415	179	740	174
generations,	720	782	345	281	793	559	330	557
have	352	1112	252	218	159	293	130	164
lost	266	313	656	172	142	213	448	188	371
the	139	148	118	283
ability	188	342	729	190	184	401	359	210	362	199
to	
fly	201	215	191	217	168	246	260
because	431	254	330	147	124	225	193	484	159
the	363	194	251	93	162	319
nutrients	427	398	444	217	303	622	359	438	600	408
at	157	338	146	170
the	517	116	123	158	171	305	196
shoreline	302	367	284	389	218	359	208	162	179	373
are	163	258	520	260	181	209
so	137	573	185	128	147	170
rich	176	195	209	134
they	157	1908	205	143	249	635
have	232	288	75	184	195	405
no	241	1224	291	153
need	190	208	295	270	237	137	341	297	194	222
to	429	97
leave.	438	368	611	195	145	256	218	868	278	404
The	129	125	140
island	230	446	222	105	218	496	604	372	445	731
of	174	236
Fernandina	1650	528	208	254	625	1710	483	1376	832	1634
lies	225	347	242	346	221	324	271	187	230
at	164	184	264
the	278	187	169	336	215	226
far	268	376	153	436	385	184
western	245	241	369	191	85	175	150	166	189	640
edge	676	88	110	225	175	466
of	310	130	197
the	215	205	703
Galapagos	376	590	148	392	248	632	387	528	179	515
archipelago,	377	901	121	345	179	1132	818	1350	576	1458
dominated	264	956	568	382	555	390	134	281	208	573
by	170	296	129
a	106	184	173	311	259
volcano	182	293	205	99	191	357	504	187	343	102
that	182	229	158	175	199	325	168	337
last	443	333	109	112	618	282	364	131	183	212
erupted	270	355	104	175	443	221	332	449
only	124	694	98	165	160	181	128	156
six	84	108	168	58
years	261	264	152	361	336
ago,	435	234	190	221	72	208	182	159
and	223	164
home	346	736	148	227	476	250	292	339
to	124	207	394	155
some	197	416	166	180	745	204	176	202	165
of	197	168	243
the	222	147	190	76	163	78	258
most	70	243	151	190	226	198
remarkable	385	743	226	94	245	230	179	211	370
wildlife	471	286	220	223	367	409	255	324	499
in	194	249	158
the	343	329	190	169	255	95
world.	141	265	70	352	218	103	183
It	158	242	244	159	197	242	120	369
was	180	243	100
late	316	222	231	303
afternoon	495	173	160	216	231	94	536
on	268	243
one	193	438	224	498	157	251	107
of	233	268	114	200	205
the	480	166	185
last	200	457	220	182	366	318	208	195
days	173	176	189	271	71	413	145	155
of	210	209	255	406
the	196	119	53	142	184	247
year,	862	167	271	256	160	177
and	201	99
we	203	216	211	344	354	389	140
had	336	249	123	269	258	539	199	223	298
come	61	179	74	144	313	280	319	188	292
ashore	810	894	160	169	883	593	424	513	175	221
to	323	198	176	178	163
scramble	341	274	157	210	154	172	275	509	172	285
round	212	180	403	166	313	205	200	223
the	477	129	114	217	309
rough	466	171	596	164	216	347	581	326	510
dark	428	390	383	411	596	305	358	181
lava	539	233	106	174	380	454	245	375
rocks	170	469	396	269	188	426	701	187
of	71	180	170	158
Punta	657	416	100	239	399	491	440	271	195	733
Espinosa	2114	753	265	223	399	637	705	625	365	807
on	263	147	135
the	189	261	180	81	243	181	321
island.	324	303	79	239	109	599	931	578	175
In	594	205	730
the	94	118
golden	227	217	104	173	239	293
afternoon	101	436	305	381	237	390	610	271	502	323
light,	248	299	249	181	359	291	362	220
with	577	395	255	174	483	206
the	228	176	239	270	117	180	312
moon	420	126	112	324	121	244	198
rising	384	288	208	217	120	394	402	214	338
above	294	262	699	175	229	333	311	181	506
the	216	425	160	100	182
volcanoes	296	402	178	227	289	309	408	308	632
on	191	371	237
Isabela	669	533	173	239	353	353	165	514	89
Island	126	109	195	52
across	303	729	187	351	309	255	255
the	160	188	232	55	419
strait,	429	475	214	267	245	307	376	250	627	180
we	168
could	187	460	112	290	241	498	368	337	176	429
be	404	154	181	235
forgiven	300	159	459	207	216	323	203	223	194	500
for	207	158	210	257	213	150
thinking	195	176	497	168	214	154	189	199	190
that	186	279	191	80	242	210	253
we	212	203	226
were	175	202	100	233	203	146	316
guests	133	108	190	173	76	181	157	322
in	151	171
paradise.	438	166	368	161	880	255
The	165	178	200
creatures	212	513	403	246	246	439	118	358	208
you	243	195	199	345	204
see	163	163	174	120	232
in	125	167	178	209
the	191	165	198	167	185
Galapagos	164	397	467	143	175	177	668	1353
are	358	118	188	148
remarkable	361	184	267	213	67	511	175	500
in	223	153
their	148	199	145	321	234	233
rarity.	111	206	235	392	245
They	192	207	246	285	424	265	320	213
are	1080	182	214	825	176
even	442	184	532	203	168	193
more	192	249	307	92	667	194
so	187	174	435	93	242
for	441	463	192	152
their	194	302	277	312	239	407	256	168
lack	182	232	230	283	180	193
of	229
fear.	189	348	158	204	260	397	360	319
They	49	306	137	192
don't	191	675	319	225	294	269	163	290
run	198	199	132	270	160	183
away.	183	257	325	193	124	85	447
They	350	343	526	311	14
carry	199	128	292	414	326	139	503	400	104
on	64	237	146	202	77	171
basking	159	442	122	231	275	173	536	649	419
or	168	189	149	161	203
playing	243	535	352	235	216	436	423	349	155	518
or	119
mating	271	443	479	207	350	477	230	448	220	575
or	
incubating	414	952	537	500	334	437	758	698	387	1711
their	475	385	199	354	89	272	228	444
eggs	222	211	886	145	160	157	102	351
or	146	191
fighting	191	619	702	231	100	243	405	718	324	818
for	142	188	103	121	483	280
territory	621	185	216	98	405	90	235	220
with	378	287	135
blissful	507	794	342	642	332	483	248	454
disregard	295	551	592	216	340	342	501	370	74	336
for	165	186	160	129	115
human	335	190	283	199	310	173	170	162	206
beings.	97	289	232	99	349	104	622	225
It	185	249	246	214
is	219	224	864	410
as	259	138	202	143	164	184	213	313	250
if	229	334	259	202
you	186	245	287	414	309	166	241
are	181	214	417	226	167	329
walking	151	336	318	390	194	275	93	202
into	275	99	309
a	250	274	207	96	243
David	191	253	135	194	66	167	248
Attenborough	580	297	100	160	161	339	155	171	189
programme,	213	379	297	254	203	179	317	491	222	482
and	
finding	229	516	175	249	236	288	261	232	226	341
that	239	223	210	172	168
the	258	149	154	159	223
real	233	223	208	238	136	367	281	195	209
thing	170	180	159	198	144	322	193	140	274
is	228	172
even	134	246	233	186	127	374	191	404
better	212	156	346	155	134	162	88	160
than	264	85	74	68
you	184	185	90	204
ever	226	199	159	708	183
imagined.	383	428	427	271	334	104	172	395	191	477
The	305	88	153
closeness	266	425	436	195	288	363	501	299	264	360
of	229	166	169
the	229	168	185	182
living	195	210	191	151	328	188	335	441
natural	192	317	58	196	204	327	255	590	187	209
world,	164	181	101	247	233	182	133	175	215
in	130	121	160	124	136	193
this	167	192	205	59	103
environment	252	199	169	73	449	460	333
of	72
volcanic	223	717	452	290	266	387	420	572	473	467
rock	193	188	195	419	216	179	198	176
and	157	104
sweeping	213	371	371	200	492	154	295	305	214	188
beaches	208	294	184	185	245	248	277	298	183	381
and	179
sparse	487	447	170	265	314	292	356	320	311
vegetation,	404	862	236	524	415	454	737	637	250	871
makes	302	278	144	449	362	211	197	229
the	198	119
Galapagos	230	485	302	161	145	477	283	828	346	320
experience	198	652	663	595	181	321	244	382	147	374
special.	211	332	490	444	116	314	347	413	243	461
The	234
colours	271	670	358	276	209	503	337	330	179	384
help,	200	276	114	182	326	208	243	119	395	319
too.	220	204	201	211	159	172	430
The	227	184	244	166
intense	307	798	273	207	376	505	198	673
black	266	211	221	560	86	178	230	459
of	350	155
the	175	122	304	260	508
rock,	234	170	218	197	77	170	243	320
the	149	147	141	183
startling	539	466	239	384	302	660	325	231	391	392
blue	467	200	162	221	174	212	267
of	225	313	192
sea	166	182	408	124	881	357	197
and	188	178	190	567
sky,	272	401	133	264	278	213	1022
the	167	299	198	168	152
crimson	277	467	300	328	490	529	134	317	484	257
of	164
the	175	207	420	55
mating	355	191	105	264	129	193	404	308	354	1069
frigate-birds,	817	305	319	565	1023	1436	238	319	909
the	158
yellow	265	271	208	304	334	526	80	177	667	287
of	194
the	374	172	213	441	156	182
warblers,	680	428	189	457	286	526	306	379	242	941
the	112	175
brilliant	258	414	175	137	363	344	235	235	229	372
orange	377	249	149	262	179	238	101	208	168	403
of	
the	241	176	195	138	180	85	350
American	362	191	55	282	77	207	306	238	181
oyster-catchers,	605	947	464	471	573	359	315	218	1101
the	89	179
glistening	209	398	337	266	244	432	650	248	388	353
silver	263	353	209	236	190	364	479	707	218	495
of	
hundreds	62	342	143	205	207	426	157	251	178	675
of	166	177
dolphins	367	451	120	226	336	287	221	212	390
swooping	142	319	234	212	84	222	257	343	204	356
round	124	138	208	90	127	859	341	156	183
your	240	288	141	202	246
ship	199	102	161	257	210	257
in	330	238	248	141
the	263	237	130	89
dawn	312	316	66	220	137	407	687
light.	429	156	288	202	174	229	196	220
We	147	149
spent	166	207	209	238	464	412	426	197	224
eight	258	266	178	187	314	169
days	364	219	350	177
in	168	231	384	238	191	167	410
all,	301	196	145	287	193	420	426
aboard	357	521	300	271	409	442
a	316	300	246
boat	267	676	402	232	244	63	119
called	204	364	300	239	239	337	179	130	208	138
Tropic	516	315	241	401	644	160	311
Sun,	187	327	165	147	128	274	717	427	782
visiting	222	706	183	211	217	589	638	217	188	655
all	223	193	119
parts	136	363	228	197	104	357	535	493	381	296
of	136	190
the	176	193	169	414
islands.	243	294	368	155	166	302	292	171	295	746
We	277	400
lived,	258	405	474	282	203	647	528	505	338	311
ate	172	100	156	165	67	221
and	420	414	169	326
slept	241	428	99	225	224	208	165	199	360	179
on	125	174	150	526	200	101
the	147
boat	208	223	151	164	85	269	206
and	207
went	498	163	193	75	184	258	199	191
ashore	217	139	164	302	217	618	182	184	197
two	304	138	106	102	275
or	263	184	96	169	244	251
three	253	293	127	349	250	391	304	180	322
times	280	159	126	188	60	211	213
a	186
day,	210	243	236	227	173	65	161	207	191
to	210	151	239	196	251
walk	169	477	258	230	178	140	160	214	327
the	94	249	90	178
trails,	147	441	263	285	188	597	344	268	404
see	182	243	320	115	262	210	212	260
the	305	116	171	269
wildlife,	220	264	223	213	271	212	104	354
and	234
snorkel	528	468	198	450	380	310	522	386	340	253
in	
the	207	270	249	110	175	239	335
sea.	217	332	134	240	141	147	187	222	161	257
The	293	204	286
boat	232	183	270	243	161	364	235	175
was	196	197	188
hardly	184	333	267	220	323	298	249	271	170
the	554	312	129	173	197
most	269	201	263	188	252	97	174	333
luxurious	172	277	146	207	365	197	236	163	239
experience	157	171	163	126	156
we'd	192	172	104	199	187	148
ever	371	255	155	223	241	58	199	149
had,	112	548	149	142	193	320	183	171
and	217	163	73
was	152	203	209	220	577	414	260	310	242
certainly	193	315	225	123	189	182	272	153	234
not	218	238	659	309	192	168
a	86	237
centre	349	488	193	307	196	199	200	658	261	201
of	158	60
gastronomic	473	816	275	188	279	1169	545	848	374	604
excellence.	117	310	321	257	101	93	192
But	246	244	166
that	707	154	394	214	230	441	228
really	187	612	346	133	424	248	233	208
wasn't	176	355	134	154	203	186	213	210	200	316
the	169	98	167	178
point.	173	417	265	185	138	244	325	180	344
It	257	141
took	173	392	233	219	238	131	564	195
us	288	194
to	266	260	236	195	294	217
the	190	54	223	89	181
places	190	219	171	193	336	172	328	286	278	238
we	180	132	229	253
wanted	494	917	617	260	183	597	543	615	446
to	136	247	316	76
see;	165	129	188	130	373	354
and	297	189	185	144	362
the	140	210	176
expert	192	492	188	159	163	420	667	579	380	428
guide	222	734	109	181	192	257	179	165
we	219	81	153	227	244
had,	146	356	178	174	213	202	195	198	245
who	162	360	99	67	214	235	163	171
led	312	149	273	360	239
us	257	225	199	215	206	197
round	159	195	184	153	481	141	183	109	188
the	192
trails	279	488	226	242	214	244	174	302	212	204
and	80	157	201
explained	204	390	123	137	412	450	256	276	270
the	151	271
flora	170	118	144	195	113
and	212	277	163	178
fauna	478	255	237	458	162	191	114	379
to	86	178
us,	200	337	197	266	141	227	203	188	315
was	157	137	163
the	142	185	214	192	194	268	243	264	161	328
best	233	163	133	168	190	263
we	308	197	250	230	179
could	276	149	189	450	226	193	386
possibly	150	197	328	160	202	188	109	194	138
have	155	360	270	100	479	372	163	367
wanted.	80	206	188	262	170	176	163
You	216	132	193	577	193
need	404	159	168
not	241	506	428	196	207
be	158	238	237	313	442
an	267	238	100	117	105	307	56	486
inveterate	1309	952	524	228	232	574	1280	1215	611	1363
birdwatcher	883	560	672	491	312	151	365	244	251	423
or	188
naturalist	531	692	548	298	440	403	189	654	212	420
to	386	193	356
be	228	196	166	200	167	54
captivated	876	415	784	249	855	202	278	424	224	719
by	450	83	91	192	167
what	282	275	69	192	232	134	224	225	134	504
you	94	214	150	127
see.	212
You	205	69
simply	349	388	161	211	133	202	302
cannot	185	304	322	203	154	227	267	162	289
help	166	180	201	207	228	192	194
being	166	480	619	251	164	105	528	86	181
taken	149	195	316	514	253	195
over	176	302	187	205	293	173	446	201
by	112	245	189	186
a	213	222
sense	157	252	346	159	278	85	277	266	177	323
of	184	187
wonder	158	265	579	219	183	228	147	214	205
at	262	271	220	199	147
this	142	69	180	155	323	183	104	308
different	189	244	94
and	155	202
special	311	187	232	342	688	273	391
world.	218	209	122	78	102	182	243
Darwin's	437	467	216	514	280	90	63	169	367
visit,	232	324	254	313	343	588	614	358
in	229	246	191
1835,	866	185	531	514	675	647	580	487
aboard	441	742	232	379	373	186	398
HMS	435	655	149	448	299	178
Beagle	509	910	389	237	351	641	235	877
lasted	198	242	206	180	310	238	415	857	118	245
five	160	172	95	164	243	82	162
times	504	176	167	268	310	423	313	270
longer.	137	528	198	144	215	80	332	102	444
He	453	77
marvelled	405	873	438	241	354	416	494	156	269	490
at	183	61	146	188	174
the	189	202	161	130	513	269	336
tortoises	238	693	361	175	174	907	270	343	318	402
and	223	206
the	168	248	197	223	225	194	166	136
iguanas,	152	494	441	163	565	222	237	351
but	438	232	225	204
it	206	227	208	144	112	211
was	191	182	132	337	154
the	142	180	232
tiny	249	114	191	277
finches	398	191	189	231	258	1051	157	236	243
that	219	115	172	104	173
jolted	211	393	215	292	254	340	523	502	188	382
his	212	125	231
imagination	232	532	399	247	211	441	263	410	166	422
most	427	230	187	66	121	210
vividly.	200	745	346	137	617	347	129	364	414
They	166	265	194	194
are	162	409	75	146	182	209
still	106	645	127	485	408	135	298
called	91	189	158	87	118	116
Darwin's	725	484	119	344	112	351
Finches	347	415	630	229	216	346	209	165	329	296
in	238
his	182	377	71	292	268
honour.	285	444	523	152	195	183	185	151	257	391
There	91	195	125	238	138	189	170
are	188	303	475	244	54	132	165
13	216	226	189	272	675	383	192
different	381	222	221	244	328	171	139	176
species	231	273	235	201	213	268	60	252	109	267
of	166
the	187	104	89	130	137	164
finches	354	222	202	275	269	324
across	331	366	188	258	108	185	150	210
the	167	146
islands	429	371	107	194	274	175	228	237	162	123
(our	243	137	539	316	105
group	340	545	378	449	126	208	411	412	256	419
managed	159	293	383	370	65	252	327	242	191	182
to	147
see	455	174	202	400	348	275	291
five	207	533	136	257	201	126	172
or	171	143	201	158	272
six).	144	398	206	237	289	133	176	155	405
The	277	119	513	70	342	534	154	184
fascination	201	331	350	141	236	188
is	203	348	126
in	731	169	473
the	178	304	218	211	60	61	66
beaks.	182	467	134	287	284	593	754	418	681
Each	178	227	309	126	219
species	338	1096	262	160	365	86	199	207	176
on	184	145
each	765	200	160	184	420	394	438
island	237	358	540	294	227	288	204
has,	175	357	168	138	272	450
over	212	419	498	219	275	61	314	320
time,	192	257	165	212	280	1034	100	1244	162	785
developed	201	294	279	155	355	319	358	235	153	314
a	
differently	166	470	361	203	119	221	118	648	383	373
shaped	235	329	183	198	146	157	161	110	182	293
beak,	162	406	362	159	168	154	56	127	332
adapted	162	406	136	175	339	503	243	745	172	316
to	169
the	217	194	184	164	167	143
vegetation	199	397	333	227	256	649	140	162	720
and	188	200	198	118	107	215
the	104	198	125	110	108	242	159	557
competition	589	489	170	245	68	280	217
in	174	138
that	359	335	235	165	188	272	481
particular	361	694	627	375	141	243	1198	160	148	615
location.	316	366	210	152	235	243	593	194	388
These	307	80	287	184	482	264	201	176
tiny	553	352	208	575	227	226	231	422
birds	200	485	131	220	180	410	233
with	167	195	228	188	334	360	213	227
tiny	184	390	188	303	144	328	112
distinctions	333	264	172	233	385	945	387	374	292	650
helped	283	365	272
to	224	156	114
produce	178	820	154	235	219	147
one	234	233	200	277
of	408	86	297	199
the	164	170	182
greatest	177	371	196	170	199	350	201	262	168	362
ever	216	292	214	151	208	108	226	259
advances	81	396	165	235	254	159	59	344	218
in	92	273
the	89	229	121
history	220	78	287	240	259	275	109	203	318
of	109	98
scientific	289	349	61	192	271	344	240	218	1064
thought.	197	206	171	72	187	166	351	370
Since	169	172	295	245
Darwin	583	453	232	392	94	155	57	495
called,	697	427	229	108	686	379	196	542	192
these	53	515	218	139	102	79
islands	389	355	124	569	176	292	514	399
on	158	149	86
the	197	221	284	266	314	163
Equator	174	227	318	173	187	225	305	185	356
have	108	194	184	200	274
struggled	557	316	400	350	525	484	380	544
to	59
maintain	113	272	255	271	812
the	424	138	229
fragile	217	192	231	321	69	174	256
balance	424	554	212	280	333	172	538	163	206
of	193
their	228	293	191	755	135	783	616
ecology.	259	492	189	214	244	316	258	698
Over	169	244
the	396	433	127	177	144	216	142
years,	349	326	178	163	325	176	209
the	172	168	128
indigenous	430	956	266	446	558	1135	535	1221
animal	192	158	205	353	323	105	566	184
population	350	689	154	166	190	260	157	500	273	696
has	188	766	186
been	374	169	229	91	330	302	1034	194	282
under	301	229	163	113	211	149	144	195	272
increasing	249	578	98	187	125	232	175	537	237	366
threat,	211	407	346	191	316	222	209	331	178	532
from	246	257	482	306	174	458	434	392
wayward	380	261	322	434	98	212	417	234
fishermen,	290	471	143	313	221	258	1021	151	221	363
or	112	83	147	206
from	142	139	163	157
feral	222	51	147	238	333	243	200	492
dogs,	183	373	200	225	165	219	224	176
goats	258	247	292	217	285	245
and	227	382	217	159	229	217	236
rats	354	147	128	282	126	394	278	307
escaping	194	635	176	185	228	233	453	251	179	205
from	184	216
human	187	461	346	198	217	496	405	186	252
settlements	432	450	275	137	204	384	641	302	341	280
or	335	140	285	166
boats.	322	100	157	173	176	313	401	338	174
Recently	213	314	505	100
the	413	425	236	238	340	475	359	109
Ecuador	256	207	380	340	276	205	263
authorities	281	974	157	575	342	605	774	351	260	511
started	215	390	229	254	241	1033	85	609	188	293
trying	203	362	358	206	233	664	285	599	307	202
to	175
eradicate	396	397	190	581	366	425	626	404	414	369
the	278
invading	323	187	181	327	519	215	165	343
species,	266	105	224	108	245	329	87	313
and	188	188
have	793	206	57	205	190	231	140
now	77	314	198	136	384	70	161	137
succeeded	586	485	364	313	179	404	102	325	447	298
in	
freeing	358	401	258	253	221	221	235	210	327
some	337	310	212	408	190	158	206
entire	580	236	467	271	242	67	206	180	253
islands	154	183	347	219	226	198	432	240
from	180	313	195	52	94	121
non-native	154	729	348	315	437	414	421	635
creatures.	230	209	910	382
A	248
giant	113	169	578	237	781	229
tortoise	1071	449	445	673	154	317	489	288
breeding	487	552	892	220	727	176	482
programme	645	282	335	571	141	120	156	195	422
is	144	158	104
in	185	208	474	274
place,	203	410	171	839	236	220	254	403
rearing	165	342	207	839	244	388	526	511
infants	759	735	462	747	431	508	214	203
in	335	108	479
a	296	234	60	420	522
protected	191	231	166	248	292	409	198	417	215	270
environment	210	897	204	230	198	269	383	193	238	378
at	141	311	202
a	182	142
time	429	156	333	246	556	273	154	194	400
when	84	257	109	193	188	146
they	137	260	181	508	175	195	172
are	243	275	319	287	277	402	191	173
at	230	180	191	469	376
greatest	201	279	184	162	212	362	181	140	403	211
risk,	242	295	176	165	155	192	65	243	189	126
and	226	120
then	181	124	166	141	422	252	413
returning	267	168	119	182	175	145	161	287
them	342	342	168	202	377	406	238
to	178	59
the	302	224	228	178	274	239	276
wild.	257	513	207	194	192	394	184	172
And	253	225
there	199	577	229	243	295	478	463	342	425	502
are	85	158	109
strict	194	453	178	202	77	443	542	236	250	151
laws	168	313	212	241	145	133	207	117
now	193	214	179	193	208	133	669	252
in	206	150	139	172	291
place	422	233	168	175	174	310	119	182
against	124	241	368	220	136	247	517	310	244
harming	231	229	214	346	317	257
or	262	142	197	230
destroying	235	473	258	214	154	569	289	94	485
the	125	263	324
wildlife	189	328	363	239	201	55	137	226	315	357
-	
though	168	305	221	205	241	448	122	205	172	225
only	315	115	150	154	360	281	195
recently	413	311	157	208	299	284	184	313	565
a	186	332
group	163	663	229	375	196	146	279	256
of	184	67	112
12	254	229	354	189	215	189	207	184
slain	219	184	402	123	85	205	224
tortoises	241	342	204	266	177	635
was	226	179	100
discovered	310	612	125	314	334	304	538	266	692
killed	219	338	243	167	156	259	232	569
apparently	309	520	174	91	203	189	280	179	408
for	133	110	188
the	264	260	97	376	337	156
Japanese	170	223	308	114	276	182	421	338	194
aphrodisiac	1908	1073	570	318	1017	500	455	292	955
market.	296	490	191	346	199	226	383	484
The	109
most	131	90	117	164	76
serious	391	1199	183	353	399
ecological	176	1064	611	232	168	433	378	192
threat,	330	220	330	222	291	241
however,	154	370	230	197	189	245	223
is	184
posed	261	279	254	205	299	195	251
by	213	117	166
the	540	148
greatest	581	390	112	551	314	850	236	548
economic	476	260	303	358	398	560
boon	269	255	444	622	579	169	149
the	54	417	174	122	386	771	152	312
islands	275	496	229	163	183	901	296	128	505
have	189	191	80	187	411
ever	347	320	138	117	324	253	154	240
had:	246	335	155	400	180	500	167	589
tourism.	211	698	513	241	264	473	237	377	622
Ninety	286	522	166	622	321	585	871	442	241	542
boats,	177	823	196	267	239	295	940	231	290	281
ranging	358	536	195	270	330	175	284	444	219	253
in	164
size	468	199	211	143	625	211	425
from	177	65	264	200	553	146
12	150	195	69	136	233	151	291
passengers	163	255	131	89	74	377	240
to	342	269
100,	172	590	164	149	81	105	227	273	419
do	190	116	176
the	185	295	207	213	463	368	204
rounds	253	201	485	427	213	652	221	292
of	153	161
the	201	178	134	252	254
islands.	183	193	316	305	294	300	216	188
And	175	344	59	188
on	336	176	410	224	185
the	198	161	199	119	319	53	179	260
whole,	172	231	329	191	99	195	163	155
the	114	58
schedules	329	429	91	318	781	594	869	174	332
are	341	229	178	118	196	221
managed	451	300	181	159	181	226
well.	209	212	194	155	73	446
The	253	190
itineraries	495	1556	198	539	561	486	721	702	229	885
are	85	98	205
staggered,	373	359	193	296	225	371	357	369	264	518
so	145	166	146
that	180	288	179	282	244	189	316	159	462
at	97	124	246	345	182
most	78	231	234	161	85	184	168	246
two	191	244	151	130
or	331	245	146	126	352
three	210	164	162	303	300	177	153	67
boats	262	209	213	245	467	68	243
might	222	145	187	203
appear	516	172	151	164	280	179	222	217
at	180	219
one	268	244	326	180	173
location	168	277	185	274	224	363	376	227	229	288
at	218	177
the	164	214	148	95	56	225	161
same	170	267	216	213	174	140
time.	375	265	223	194	163	93	197
When	249	219	112	197
you	208	174	186	228	86	204	241	169
go	106	186	151
ashore	168	349	204	60	268	418	660	168	254	182
you	109	169	170	102	165
have	243	129	167	313	159	317
to	171	152	639	298	209
be	164	73	88	171	418
with	90	254	185	144	218
a	190	194	255
guide,	301	291	215	225	69	340	154	231	333
you	284	206
cannot	180	276	434	73	243	716	233	187	166
stray	75	165	236	176	86	188	172	200
from	166	182	63	161	177
the	174	249	242	176	149	177
marked	237	191	232	261	272	254	498	204	251
trails,	137	591	132	240	229	178	385	317	259
and	144	297	75
you	215	343	257	468	341	258	224
cannot	376	836	149	225	668	404	166	212	247
touch	278	146	172	328	388	318	129	188	216
the	421	148
wildlife.	186	439	189	278	190	450	979	556	173	398
One	81	571
of	179	203	165	212	351	190	666
the	187	67	178	222	176	334	396
passengers	356	736	258	189	451	358	194	191
on	185
our	315	371	208	220	85	181	186	244
boat	183	265	187	163	217	474	192	145	112	174
was	173	338	209	111
roundly	381	216	400	201	256	236	270	673	245	397
and	182
rightly	328	575	188	203	170	369	364	196	266
chastised	550	678	376	356	264	162	271	856
for	187	233
stroking	426	354	266	748	263	264	591	238	207	496
a	170
young	433	237	217	208	234	164	319	511	165	226
sea-lion	94	343	224	573	177	316	374	230	202	443
-	182
an	298	252	226	126	156	210
action	188	317	306	339	510	299	348	214	259
with	165	388	341	186	111
potentially	468	408	257	338	257	310	186	493	364	592
fatal	422	229	149	110	164	231	118	561
consequences	136	213	328	157	105	173	163	175
for	236
the	244	245	253	127	270
sea-lion	276	208	94	240	292	243	370	211	171
because	572	352	132	291	135	183	298	167	83	184
of	115	75
the	167	368	183	167	188
risk	785	230	244	102	260	233	162
of	213	212	145
rejection	777	685	731	243	195	246	271	358	205	207
by	65
the	778	237	164	188	89	222	231	439
mother.	129	345	179	329	199	296	148
In	230	220	168	337
a	190	248	664	72
country	250	554	221	358	310	136
as	213	176
poor	203	219	230	573	307	302
as	180	208
Ecuador,	240	371	160	343	312	352	1081	123	208	301
the	175	174
temptation	379	67	328	209	435	242	171	197	326
to	192
increase	171	347	103	266	234	141	297	221	261
the	204	267	120
numbers	240	273	211	181	154	134	368	202	319	244
of	218	66	311	108
tourists	123	188	156	185	177	410
is	94
always	181	229	285	148	220	570	283	342
there.	170	278	154	198	241	207	259
We	163
were	162	562	117	350	504	457
told	228	173	343	212	75	239	159
there's	739	102	229	167	344	189	107	209
been	251	255	285	500	229	213
a	152	268	233
recent	316	195	231	217	239	408	171	180
request	222	494	214	223	263	186	308	313
for	163	382	191	129	346	148	246	194	437
permission	326	170	514	328	345	332	243	199	332
for	173	155
a	316	223	164	154
much	184	121	205	234	564	250	138	346
larger	224	242	254	151	69	266	252	149	369	227
boat	170	230	233	130	324	179	230
to	207	202	224	292	132	179	206
travel	177	181	205	134	161	385	194	190	461
round	247	321	193	210	251	148	276
the	129	213	242	188	175
Galapagos,	243	487	287	364	146	367	233	444	166	779
carrying	166	409	235	472	232	171	308	219	321
some	63	183	97	271	119	63	155	335
500	134	192	385	163	137
passengers.	501	145	179	362	333	334	446
I	212
shudder	197	415	156	239	257	357	80	198	209	54
to	199
think	174	175	214	214	198	160	178	207	326
what	380	187	170	187	147
might	161	398	247	218	194	240	201	302	176	256
happen	183	298	130	172	195	216	101	156
if	93
such	464	186	225	194	207	170	183	415
a	194
boat	322	184	200	79	75	220	164
arrived	318	216	249	171	177	331	146	399	283
at	84	110	132
Punta	261	232	369
Espinosa	248	229	1347	719	169
and	
disgorged	199	429	159	521	582	453	306	415	533
everyone	97	411	194	386	348	297	413	216	800
on	239
to	308	146	273	208
Fernandina	575	293	277	618	319	350	1711	383	414
Island	214	305	211	141	85	198	168
at	202	162	85
the	264	91	178	237	213	227	220
same	127	208	77	141	402
time.	90	70	96	67	204	161
Not	191	213	268	484
only	155	244
would	383	171	243	163	377	208
the	266	164	194
shock	194	365	330	190	209
of	57	190	271	203
a	
thousand	199	396	288	250	249	271	183	300
tramping	180	333	214	163	268	251	245	184	261
feet	246	421	299	72	191
endanger	236	332	207	362	538	693	180
the	244	315	191
rock,	313	173	268	335	368	268
the	141	89	121	230	175	163
sand,	159	151	330	123
and	198	95
the	211	186	205	300	228
teeming	580	266	175	226	93	183	234
wildlife	175	894	363	188	195	61	240	498
that	76	233	375	92	112
depends	372	297	281	248	224	272
on	100
it;	321	301	206	324
but	238	171
it	195	285	188	293	149
would	483	191	210	234
seriously	384	787	439	313	453	264	386	672
degrade	733	537	169	280	413	294	474	262	281
the	133	284	192	155
quality	143	403	175	154	165	145	388	370	163	352
of	142	232	97
the	197	180	279	64	89
visitors'	158	200	177	309	191	458	185	484	243	355
own	173	191	325	154	263
experience.	122	568	167	585	185	484	226	1019	436	329
Herein	344	501	216	216	225	342	277	468	420
lies	231	507	184	324	173	319
one	236	246	195	243	110	668	286	145
of	63	102	254	146	380
the	293	67	186	98
oldest	297	166	262	160	188	222	199
dilemmas	242	484	193	242	205	96	195	109	181
about	173	212	229
the	278	252	232	200
evolution	205	341	248	353	216	232	1221	443	228	389
of	136
tourism.	271	432	260	291	200	422	425	372	290	565
We	268	286	91	235	125
value,	243	274	85	283	209	272	293	294	292
and	257	229	204
to	357	130	140	140	235	435	237	532
want	270	158	450	533	225	450	266	581
to	188	269	234
visit,	186	222	160	74	197	319	310	457
the	273	189	78	392	171	108
unique	638	173	109
and	226	205	271	216
fragile	302	175	219	229	105	408	228
environments	628	411	1162	250	186	204	326	221	296	182
of	67
the	201	247	175	265	302	163	221
world.	227	155	261	227	137	102	321
Yet	268	329	249
in	819	227	146	250	72	393	220	247
visiting	157	257	279	117	86	380	489	373	100	429
we	142	152	332	119	75
risk	216	139	99	329	184	179	476
destroying	254	314	191	306	374
the	171
very	284	252	100	273	262
qualities	254	409	203	248	180	323	453	215	173
that	211	176	102
render	360	497	281	262	219	254	376	279
those	176	152	215
places	157	217	304	83	357	194	190	170
so	155	157	151	315	276	206
enticing.	201	992	226	185	436	312	566	173	773
This	215	210	182	174	322
is	172	111	207	144	168
especially	172	142	135	191	150
true	188	155	97	193	412
where	313	217	245	410	251	88
the	297	164
rarity	295	642	502	334	233	458
of	214	497
the	217	234	182
place	317	238	208	176	400
is	205	104
quite	202	346	257	591	100
so	174	142	225	112
marked	164	508	212	187	475	248	224
as	205
it	224	414	194	242
is	229	312	186	155
in	202	110	293	134	186
the	91	838	198	186	150	417
Galapagos.	367	545	167	499	384	438	461	900	419	226
Responsible	284	698	127	325	333	486	403	549	397	525
tourism	282	468	341	186	236	253	245	604	201	694
lies	181	314	613	187	771
in	205	303	258	161	193	195
absolute	251	367	335	444	131	154	618	349	195	461
respect	314	286	251	161	356	93	424	332	210
for	227	191
the	188	156	164	412	184	381
location	452	250	260	163	248	234	203	166	517	154
and	188	132	93	150	241	71	105
its	196	184
inhabitants.	201	273	439	650	286	905	705
It	685	123	188
lies	314	265	178	320	383	397	367	495	550
in	279	133
treading	208	452	184	180	242	490	1368	407	454	474
carefully	214	304	137	273	194	395	202	205	216	330
wherever	200	283	189	203	221	192	455	169	178	378
we	101	121	242
go.	276	109	88	188	249	407
It	428	169	204	87	332
lies	100	274	217	228	193	135	148	185	295	363
in	221	54	212	125	177
ensuring	257	263	54	386	98	289	207
that	234	180	160
the	308	179	80	154
economic	258	243	293	333	152	365	362	172	263
contribution	243	508	216	197	150	394	146	390	380	326
we	235
make	274	390	174	363	287	268	199	205	352
by	200	183
going	507	640	138	166	173	288	439	516	196	330
helps	539	364	188	130	359	278	311	207	482
to	175	164
conserve	497	243	361	152	117	146	150	189	205	398
rather	199	86	156	106
than	435	244	63	118	460	94
to	172	176	256
destroy.	570	403	198	124	197	229	226	209	284	175
And	151	209	182	272	95	218
it	184	146	206
lies	231	175	136	566	257	261	197	242
in	192	177
developing	391	352	296	195	528	257	284	163	206	239
the	107	147
international	989	382	272	334	420	712	339	745	409	454
networks	396	264	287	83	325	243	175	281
protecting	139	397	140
endangered	187	350	367	231	257	199	415
species	345	221	262	90	123	146	167	226
and	183	154
world	174	150	189	63	267	235
heritage	286	415	165	158	426	196	852
so	243
that	530	124	64	100	153	276
they	151	345	180	228	257	236	388
can	79	360	193	77
make	169	188	206	134	101	264	413	295
a	179	250	170
difference	206	324	140	255	327	211	323	355	290
on	268	307	231
the	237	232	72	165	154	243	99	127
ground.	254	184	122	231	322	725	212	312
Fortunately,	283	193	468	217	299	386	221	249	451	234
in	353	214
the	226	161	271	162	195
Galapagos,	114	354	630	255	265	390	174	600	214	392
Charles	496	349	165	148	444	353	363	209	234
Darwin	133	414	126	162	95	155	258	195
would	181	242	212	194	193	257
recognise	253	199	124	326	567	187	258	554
much	487	239	331	930	183	152
of	192	214	129
what	231	236	357	193	164	359	184	150
he	263	219	258	157	222
saw	183	243	238	133	353	370	211
if	150	111	179
he	195	364	254	156
returned	195	202	236	478	229	156	229	363	165	270
today.	190	92	311	194	136	94	208	107	246
It	227	346	70
is	447	164	442	254
our	231	200	216	556	435	541	200	290
duty	146	217	173	147	78	225	157	160
to	63	191	108	108	118	134	103
ensure	258	212	175	205	197	479
that	196	72	189
he	210	167
would	265	169	185	194	169
recognise	256	394	386	255	199	163	155	248
it	225	229	238	179	159
again,	803	158	224	185	180	269	103	156
another	355	240	295	206	330	185	203	508	260
two	417	334	191
centuries	348	679	283	520	237	230	290	345	726
hence.	450	208	188	231	339	476
'For	265	126	141	150	229	188	160	178
the	174	136	145	208	118	160	189
last	176	106	166	81	214	114
three	408	157	76	166	188	226
weeks	283	301	156	166	139	243	247	370	340
there	265	129	116	120	358	181	257	194	156
has	201	206	284	348	190	169	253
been	188	177	224	133	192	450
an	86	142	60	68	269
utterly	212	324	211	185	107	416	324	197	315	211
inexplicable	132	543	126	258	227	579	235	233	273	367
rise	237	399	367	188	219	123
in	167	281	118	175
the	143	214	178	311	158	172	176
prison	174	223	362
population	453	317	282	208	239	170	118	162	185	208
of	287	188	80	178
about	420	234	121	211	211	544	390	181	377
600	507	237	248	196	329	96	194	208
prisoners	169	164	589	342	372	63	903	643	181	190
a	176	334	243	587
week.'	193	363	239	265	180	159	135	152	188	443
The	196	127	205	188	173
words	282	207	554	692	201	345	194	397
of	153
Martin	222	572	175	428	586	437	356	428	221	295
Narey,	184	159	188	151	198	523	248	167	183	443
the	77	365	132	160	250	105	208
director-general	342	670	146	453	331	254	122	233	239	431
of	131	172	155
the	220	176	188
Prison	262	291	543	294	242	217	359	445	175	402
Service,	261	196	146	156	130	332	271	212	271
ought	191	323	137	198	232	248	465
to	559	215	234
prompt	224	389	90	173	115	231	100	261	384	228
more	138	204	195	75	281	220
than	172	243	143	180
the	178	285	181	217	267
customary	358	343	267	169	311	321	352	326
political	269	158	178	183	419	142
panic.	367	448	337	210	52	369	219	561
By	
this	375	464	151	204	314	422	471	247
morning	600	203	411	216	560	133	519	693	195
the	
prison	384	314	265	238	284	656	520	357	285
population,	152	317	182	216	257	380	259	254	303
which	100	285	198
seemed	368	203	140	261	475	310	183	194	395
to	438	179	99
have	141	170	133	182	119	154	150
stabilised	244	439	567	178	258
at	171
around	181	517	770	309	347
45,000	126	478	341	632	524	447	238
in	132	188
the	148	111	109
late	90	549	370	164	181	150
1980s	356	355	754	327	267	194	351
and	
early	294	175	389	371	218	404	279
1990s,	316	335	136	327	581	210
will	622	205	193	262	222	143	89
have	154	562	133	98	198	344	395
passed	180	498	110	566	212	655
the	208	204	135	164	127	355
70,000	209	415	146	202	153	330	269	442	279
mark.	594	625	212	161	372	423	296	717
Although	456	245	205	205	414	984	191	222	241
the	188	193	199	78	115	218
causes	228	191	199	279	243	219	556	592	308	524
of	149
the	182	236	194	68	184	166
surge	214	274	411	292	170	392	184	497
of	173
the	192	232	287	190	207	176	172
past	205	176	360	182	170	101	172	134
three	287	83	146	131	133	317	167	284
weeks	186	419	178	119	185	104
have	158	325	171	169	170	144	104	308
baffled	269	122	186	208
those	395	248	168	362	229	350
who	176	239	80	189	184	105
might	203	162	231	190	180	250
know,	199	307	182	192	146	70	158	221	236
the	182	59	234
underlying	401	546	307	430	409	335	352	364	231	315
trend,	403	290	148	230	84	89	627	252	388
a	254
rise	213	402	320	219	205	423	200	273
in	133	109	188
the	142	152	129	202	234
number	307	413	251	154	185	334	174	337	206
of	88	109	232	141
prisoners	193	264	280	140	302	158
of	164
5,000	225	223	226	316	55	501	447	231	502	313
since	237	351	194	405	59	499	255	282	408
this	319	245	175	246	214
time	239	265	186	349	236	257	390
last	222	188	189	122	253	115	196
year,	234	185	260	162	145	204	378	362
is	64
utterly	442	303	178	292	349	307	787	266	352
explicable,	437	283	941	271	183	197	106	1112	216	849
and	159	245	270	165	244	239
indeed	169	418	604	224	202	530	425	226	706
was	146	286	442	178	188
predicted.	315	425	358	733	113	451	230
Prison	512	220	188	179
policy	232	348	393	329	183	164	200	242
in	192	230
the	190	216	160
UK	168	170	203	206	127
has	181	98	169	313	96
been	190	176	401	173	197
an	160
uphill	274	320	199	320	230	159	168	188	212
slalom	181	344	201	132	76	258	327	345
for	182	320	255	217	160
the	125	182	267	135	271
past	251	55	901	195
half-century.	197	1019	293	211	312	828
Politicians,	268	268	340	581	382	268	318
under	232	409	187	239	109	244
pressure	160	249	159	131	704	322	203	453
to	
do	230	235
something	218	245	198	225	715	204	383	443
about	201	280	201	242	292	199	192
crime,	164	470	199	488	604	431	257
pass	256	531	223	173	104	263	424	500
laws	623	360	225	625	410	282
and	86	197	136	320
write	325	458	121	123	311	937	188
guidelines	176	517	421	133	611	93	386	876
requiring	198	375	234	208	617	384	407	394
more	240	810	271	163	210
criminals	259	448	200	276	701	276	151	195
to	392	317
be	199	154	213	273	157	266
imprisoned	252	314	340	281	242	597	233	172	256
for	170	111	396
more	435	94	160	691	320	229
crimes	229	207	206	208	374	184
for	94	130	161	104	235	86
longer.	161	619	69	168	226	220	367	386	469
Every	346	203	669	234	179	500	205
now	185	250	120
and	268	195	175	122	218	224
then,	316	176	219	125	332	141
however,	151	237	294	167	231	187	327	195	308
there	336	224	141	188	218	168
is	243	169	235
a	270	215
crisis	204	344	301	271	430	359	161	250
as	164	151	188
the	260	231	705	201	224
walls	159	154	416	110	124	234
of	159
our	248	241	84	185
prisons	275	176	104	152	158	158	90
begin	201	335	168	193	160	272	345	307
to	170	435
bow	500	413	185	177	95	150	114
under	239	586	64	202	284	192	205	248	451
the	235	465	142
weight	184	354	138	278	282	140	198	216
of	198	208
numbers	328	270	161	188	312	70	122	189	830
contained	163	288	182	313	233	59	282	184	797
therein.	195	291	81	114	124	289	467	204	337
Politicians	159	609	260	175	141	554
then	313	645	225	487
scrabble	218	255	464	200	240	266	75	187
around	149	321	176	290	155	195	337
for	133	398	92
'tough'	257	313	195	370	413	293	332
alternatives	351	378	359	184	198	162	238	309
to	263	237	163
jail,	349	191	150	277	458
which	288	375	177	261	130	67	254
they	293	165	209	292	169
try	148
to	437
sell	299	462	59	231	235
to	482
a	125	215
sceptical	442	403	631	271	68	192	577
public,	182	113	156	175	410
educated	232	1026	151	249	529	389
only	166	256	163
in	102	499	536
a	240
simple	199	511	219	85	177	178
lock-'em-up	631	507	212	229	321	635
logic	581	180	144	240	89	179
that	254	151	133	147	280	361	145	167
reached	316	382	128	165	407	592	379	71	1099
its	179	169	141	169
conclusion	212	219	313	298	136	419	737	358	297	516
in	
the	112	181	204	226	114	226
bone-jarring	537	891	388	496	461	615	457	827	377	599
stupidity	261	693	239	316	240	254	248	368	362	362
of	
Michael	233	357	151	247	265	310	211	245	214	338
Howard's	181	321	102	161	350	321	242	322	261
'prison	199	203	254	128	155
works'	316	215	100	467	327	277	266	485	234	391
slogan.	494	330	358	199	419	187	287	788
The	243	243
prison-building	815	494	388	1269	568	1909	790	912	518	1136
programme	688	525	375	210	181	413	344	177	185	360
then	404	319	223	69	197	188
catches	377	267	320	624	308	387	435	420	330	393
up	102
with	172	433	156	241	175	202	188	293	496
the	117	161	129	63	135	78
prison	220	195	142	359	90	250	163
population,	278	691	201	287	227	311
and	196	271	199
we	438	199	175	54	335	229
resume	885	287	582	162	203	232	513	592	204
the	548	202	192	618
zig-zag	600	272	186	211	115	200	386	186	382	530
which	544	280	129	265	140	160	625
has	204	175	178	165	310	284	527
given	359	172	229	219	418	195	398	341
us	167	163	176
the	165	218	167	214	376	277
least	426	163	131	168	142	244	220	88
successful	250	217	172	179	468	200	260	249
prison	264	313	188	161	252	267	269	288
policy	280	879	310	199	355	589	187	205
in	184
Europe.	191	207	230	246	331	153	610	238	296
The	226	117
election	279	494	206	278	362	535	335	276	720	439
of	182	168	198	162
a	88	107	355
Labour	342	232	349	174	303	291	321	305
government	268	136	159	436	169	554	272	133	168
committed	191	271	240	214	241	182	105
to	211	70	91
being	248	193	196	244	250	239
tough	336	334	218	163	242	210	211
on	199	60	157	125	148	177
the	187	112	427	232	150
causes	269	267	251	250	267	208	218	206
of	229	182
crime	175	367	294	243	263	305	199
was	287	354	271	161
a	229	271	278	211
chance	204	378	487	321	94	235	178	333	163
to	125	194
break	184	346	255	294	201	181	201	263
this	207	210	154	285	252	224
self-	170	503	537	357	70	204	358	432	381
defeating	222	467	166	276	622	372	235	565	175	220
sequence.	325	494	169	230	150	271	243	541	357	364
Unfortunately,	146	650	317	350	284	252	730	150	275	299
Tony	381	105	239	98	180	156
Blair's	184	168	409	285	242	145	70	189	184	385
first	562	311	202	210	301	443	213	296	198	246
Home	259	264	172	252	224	185	184	79
Secretary,	143	208	272	179	103	434	185	143	247
Jack	212	178	253	171
Straw,	221	121	205	195
lacked	330	249	210	240	363	207	191
the	208	295	205	254
courage	180	316	379	175	158	228	441	193	300	235
to	177	146
seize	338	340	357	249	164	191	584	368	359	292
it.	239	229	150	139	100
David	155	312	196	169	187	172	163
Blunkett	279	407	320	202	222	178	255	265	352
is	79	209
a	161	227	222
more	283	283	264	61	626	168	669
adventurous	184	296	350	157	91	390	191	462	295	180
figure	244	211	212	182
and	292	180
shows	238	198	231	102	166	250	238
some	187	162	187	193
signs	443	324	166	346	286	200	322
of	192	170	233	166
being	365	167	187	201	121	188	241	251
willing	205	286	355	187	146	154	373	197
to	
challenge	190	337	392	205	401	216	149	500	410	346
the	
assumptions	207	454	239	322	220	87	354	436	637	388
of	122	300	202	172	280
the	133	278	245
past,	350	229	295
but	183	153	323
he	167	217	51	279
still	439	170	220	630	108	247	203	532
poses	1121	352	360	766	200	570	217	425
too	181	326	267	157	192	328	176
often	2787	353	92	443	529	261	717	168	334
for	1583	129	197	220	148
the	213	186	104	176	216
unitive	1647	272	187	693	222	1199	875	682	367	775
gallery.	372	321	297	428	131	367	353	279	393	622
At	623	244
least	619	341	138	320	263	204	210	408	239	610
he	281	414	156	156
will	94	128	212	182	140	322	277	231
have	270	552	199
no	238	109	295	257
difficulty	207	296	137	148	123	563
in	284	175
rejecting	206	969	181	314	321	241	356	386
a	146
demand	255	494	116	238	408	362	260	386
from	840	234	188	171
the	92	157	536	169
Prison	551	295	122	172	194	65	102	381	339
Governors'	340	262	411	304	349	417	172	785
Association	471	710	344	467	180	664	279	1141
to	369	335	145	213
take	208	444	240	186	376	179	292
away	134	405	96	149	141
from	277	135	154	292	252	358	476
magistrates	468	503	302	487	107	381	222	173	398	541
altogether	202	544	383	419	243	251	436	311	346	230
the	206	250	148
power	192	202	93	209	205	133	478	196	223	339
to	176	62
hand	202	192	171	197	265	209	272
down	198	295	138	119	154	243	314	192	173
custodial	261	458	70	184	328	313	187	435	163	475
sentences.	141	218	300	370
But	126	93
will	431	483	227	503	212	209	290	59	493	714
he	516	102	291	293
use	500	461	224	408	456	872	250	656
this	212	304	325	188	269	97	219	199
crisis	232	238	291	284	83	104	521	332	448
to	75	83	188
ask	396	220	188	130	347	187	120	111	332
deeper	175	664	168	161	114	108	375	342	305	581
questions	417	180	224	193	216	306	153	375	392
about	209	287	164	258	198	297
why	188	262	127	239	232	234	241	343	223	138
so	319	161	196	194	249
many	151	95	271	106	96	200
people	216	76	210	102
are	55	363	82	212
in	251	160	307	178	407
prison,	372	372	259	119	193	81
and	223	160
whether	84	481	165	243	276	229	274	220	231	348
they	176	168	237	217	170
should	333	529	331	308	201	159	79	232	247
be?	136	183	212	151	231
One	239	157	181	453	227
of	312	211	215
the	189	184	172	173	194
causes	330	180	221	275	174	188	279	133	345
of	200	99
the	146	131	162	110	188
rise	192	221	240	131	148
in	
the	204	238
prison	450	183	282	229	177	205	406
population	156	267	630	139	187	293	169	149	399	226
in	319	263
the	213	306	507	313	113	99
past	223	214	256	367	335	240	167	149
seven	205	402	141	276	185	305	125	190	273
years	154	305	784	99	262
has	160	246	178	179	203	170
been	168	141	225	262
the	184	197	155	169
growth	105	312	624	73	155	312	219	188	176
of	143	173	78
illegal	163	329	176	225
drug	73	195	161	84	240
use,	360	214	148	72	212	268
with	235	229	57
crack	433	160	279	170	92	385	175
cocaine	190	161	439	204	364	202	384
a	371	146
particular	240	769	170	252	212	265	199
problem.	153	278	151	215	99	83	270	220
This	534	198	141	231
week's	828	221	436	195	506
suggestion	405	138	299	335	308	191	438	774	247
that	255	84	295	155	234
shock	172	372	157	287	210	429	603	416	234	186
tactics	210	356	334	533	167	335	256	388	187	153
should	82	333	184	202	231	359	184	225
be	141	188
used	132	250	190	357	326	240	193	185
to	293	118	216	204
discourage	227	394	357	237	180	339	353	226	68	333
young	164	66	157	304	236	325	400	130
people	188	266	217	81	279	235	374
from	178	83	147	211	175
trying	217	315	234	59	378	173
heroin	203	104	239	60	371	262	245
is	216	142
off	201	161	280	390	660	341	504
the	506	189	564	229	176	448	146	292
point.	215	676	231	213	387	306	322	258	389
Information	234	574	383	272	343	343	197	363	334	218
is	196	317	299
important,	229	465	186	235	188	70	606	275	291	491
but	240	208	96
the	187	283	165	195	84	173	207	333
interplay	221	371	219	137	78	164	223	507	168	182
between	177	213	169	113	171
the	
desire	193	367	175	208	203	100	99	319	238	235
to	164	163	123
escape	138	446	176	239	177	279	82	255	243	299
reality	369	208	219	165	317	239	144	323	182
and	167	174
addiction	438	184	182	97	80	150	221	227	239
is	
more	262	92	162	160	109	249	277	291
complex	244	239	230	331	235	558	101	155
than	182	195	80	416	271
a	240	189	131	221
simple	571	87	298	245	431	639	118
Pavlovian	231	260	768	273	620	407	493	287	368
model.	184	506	221	173	305	164	434
Medicalising	375	928	456	452	1204	1615	399	1172	1545	748
addiction	503	530	310	479	498	388	853	305	651	234
rather	386	353	179	246	128	220	325	377	256
than	185	191	162	235
keeping	452	368	147	258	884	474	229	277	262
it	151	266	180	219
in	211	189	297	77	473
the	790	159	154	170	181
criminal	303	343	174	186	352	879	275	113	188	232
underworld	1031	296	71	354	313
offers	233	209	148	427	519	152
the	172	125	271	288	64	167
best	517	263	326	155	543	454	182	238
hope	264	187	269	178	163	170	245	104	163
both	387	232	278	294	251	133	496	177
of	165	170	388	310	243	692
controlling	412	410	320	243	382	118	209	323	184
hard-drug	275	722	160	503	417	307	687	269	199
use	286	334	166	122	346	180
and	161	374	306	103	345	1312	343	344
of	178	457	107	140	407	317	388	180	422
limiting	340	218	240	270	329	387	561	252	232
the	167	180
effect	212	191	174	210	211	409	275	213	172	161
on	201	217	174	74	73	130	146
crime.	183	262	227	260	164	296	519	551	189	407
If	188	172
people	309	271	99	199	268	273	142	229	337	180
who	245	146	120	252	174	178
have	217	240	192	679	201	414	186	230
problems	279	151	278	142	279	202	264	266	370	176
with	200	213	170	253	435
illegal	123	169	65	180	137	249	138	253	235	348
drugs,	177	65	349	169	169	244
alcohol	263	485	180	209	209	161	88	252	145	200
or	162
mental	206	323	224	262	220	312	474	206	197	381
health	152	338	372	193	162	174	124	88
were	137	240	266	209	232	150	138
taken	84	224	281	173	179	186	263	187	221	178
out	126	94	118	130
of	116	197	175	215	245
our	141	183	163	72	156	162	206
prisons,	281	375	94	138	209	199	191	237	292
there	133	313	234	271	268
would	200	341	184	162	224	177	178	320	226
be	123	197	117	110	157
hardly	89	197	59	176	72	165
anyone	254	159	200	194	242	190	203
left.	1317	219	242	189	357	132	643	175	414
When	359	239	151	169	154	205
it	226	258	192	163	100	563	254
comes	495	231	636	198	154	212	452	188
to	621	131	171
the	214	172	150
wider	708	238	173	203	192	349	401	307	550
causes	783	310	86	242	123	216	253	516	112	188
of	197	220
crime,	258	79	258	146	85	570	421	239
however,	268	291	117	206	339	194	162	209
one	639	151
of	271	226
the	278	113
best	176	238	169	65
places	250	269	191	177	213	170	220
to	204	178	81
start	514	207	218	397	352	309
is	273	186	169	189	237
prison	168	122	332	369	124	436	196	194
itself.	331	249	213	153	166	75	161	185	272
With	249	73	172
58	178	261	347	205	253	260	240
per	182	280	148	77	193
cent	191	129	657	251	150	145
of	187	115	178	221	93
inmates	191	350	219	355	259	420	401	199
recorded	156	341	176	466	249	279	304	158	147
as	
reoffending	209	212	378	365	992	267	281	278
within	321	222	215	184	252
two	300	204	72	405	64	188	191
years	280	124	378	155	190	149	102
of	199	183
release,	157	404	263	190	257	882	232	277
prison	144	621	175	416	197	429
clearly	316	334	380	547	161	209	171	345
does	533	282
not	384	384	225	222	265	67	178	238
work.	520	294	175	158	52	305	221	180	145
A	272	187	71	33
brave	215	329	150
Home	375	152	186	176	238	161	358
Secretary	179	452	185	225	175	216	166	430	142	380
would	546	296	190	124	210	158	357
conclude	260	776	163	154	271	409	195	529	197	218
that	204	139
prison	182	368	289	282	232	198	358	194	416
obviously	359	290	288	186	193	409	199	221	200	235
reinforces	351	319	193	264	216	421	106	239	348	227
many	234	375	116	472	241
of	225	157	326	120
the	171	508	121	151	172
causes	159	249	207
of	230
crime.	432	388	219	232	179	147	115	422
It	187
breaks	398	284	244	130	286	248	334	239	221
up	247	172
families	244	353	344	189	133	522	294	423	272	382
and	132	180
usually	227	401	138	286	402	411	201	188	172	284
gives	218	331	221	155	177	278	117	175	183	254
prisoners	200	262	114	188	146	410	358	138	231	260
nothing	146	283	178	170	94	265	149	161	169
better	202	180
to	80	166	135
do	200
than	168	219	179	220	174	177	237
plan	206	383	151	199	197	213	213	152
how	197	212	182	188	301
not	244	311	343	216	133	274	352	163
to	458	169	348	176	185
get	169	177	437	184	164
caught	201	151	159	274	192	264	310	324	141	270
next	398	147	189	246	160	78
time.	235	230	173	148	177	149	169	272
All	173	114
parties	325	586	421	356	373	257	217	220	471	392
welcomed	270	163	218	104	173	391	417	205
the	211	164	204
Woolf	74	115	386	569	239	217
report	518	504	284	408	153	170	177	537
of	207	396	191	166
1991,	153	226	218	682	368	192	399	266	253
yet	229	136	186	51	62	195
none	264	257	365	69	177	259	205
has	160	262	292	208	198
acted	215	186	170	297	202	170	662	241	347
on	189	178	352	304	107
it	126	171	158
to	173	226	189	86	431	108
improve	104	286	178	226	557	213	167	284	166
the	81	308	346	166	234
education	188	191	187	221	531	261	98	496
service	263	339	605
in	256	226	88	279	210	211
prison.	357	259	411	214	315
If	242	133
schoolchildren	1131	499	461	320	673	538	779	423	649
can	143	188	167	161	112
have	195	313	997	347	179	215	151
life	312	228	552	759	494	440	483	378
coaches,	1045	616	209	700	704	688	199	399	447
why	173	140	140	87
not	475	387	176	234	322	125	201
prisoners?	749	694	297	424	270	422	385	355	497
Instead,	204	429	267	238	306	417	270	408	328	53
education,	1400	678	190	244	200	485	345	439	311	192
anger-management	809	745	406	532	283	613	545	592	724	850
courses	352	245	287	218	164	85	291	149	226
and	198	209
anything	366	461	242	204	253	348	408	433	417	308
constructive	806	270	239	266	208	364	308	272	467	212
are	200	467	189	659	136
often	185	202	170	152	243	275	91	322
the	
first	185	462	516	168	71	141	166
things	185	188	180	391	178	177	175	366
to	171	85	197
be	254	159	229
cut	208	230	98	182	257
when	177	203	199	152	302	231
governors	231	508	159	182	513	214	362	245	527
come	180	57	162
under	403	469	178	159	384	210	236
pressure	228	187	416	144	173	225	135	187	346
to	
save	171	338	160	417	320	366	90
money.	141	73	132	223	159	218	227	277
Our	
prison	423	474	113	138	134	250
system	688	165	213	118	314	276	334
is	187	188	188	81	173
an	
affront	194	260	330	327	121	517	288	503	462	712
to	225	193	92
a	174	274	168
civilised	283	365	179	135	393	336	277	509	328	659
society,	240	282	330	284	249	190	323
as	159	173	150
is	309	302	194	195	351
witnessed	578	316	176	318	860	202	205	253	468
by	185	81	150	72	272
the	199
number	183	198	671	138	167
of	157
legal	187	230	169	476	256	216	195
actions	183	339	239	172	105	171	156	384	298
brought	416	231	569	330	178	122	160	208	199
by	166	142	163	170
prisoners	219	367	482	508	264	283	394	243	158	267
under	469	212	267
the	182	199	181	197	125	193	198
Human	166	166	268	294	242	200	238
Rights	175	425	360	274	190	178
Act.	152	192	188	111	199	160	146	172
Even	302	618	198	169	521	142
if	169	348	108	355	240
the	68	194
voters	563	213	213	71	384
did	182	197	170	314
not	271	620	181	259
care	195	220	231	126	218	369
about	212	188	245	210	379	164	206	236
that,	154	172	146	249	221	233	212	229
they	196	210	158	247	131
should	268	542	503	190	243	319
care	206	221	264	360	114	101
that	217	361	328	58	382	119	291
it	240	208	145
is	235	278	319	178	188	499
a	169	117	391	230
very	234	199	382	727	61	701	251
expensive	206	961	145	270	619	155	213	461
way	349	140	108	720	374	146	170
of	190	137	257	169	212
training	196	486	150	207	212	211	243	584	195	524
criminals	244	343	342	217	225	419	87	490	236	355
for	167	382	144	201	539	168
more	158	280	177	214	625	459	547	168	466
crime.	360	382	370	393	329	337	159	205
Many	287	194	171	328
of	201	241	164	257	194	217	212
the	257	434	236	142
alternatives	225	384	201	241	246	347	326	279	391	54
to	90
prison	241	280	210	126	479	327	319
may	173	171	195	279	143	109
not	171	352	288
result	224	179	410	176
in	133	353	167	178
much	412	180	185	57	213
better	217	175	280	215	214	191	235	244
reoffending	590	376	190	501	322	194	434	358	437	448
rates,	325	467	256	320	221	97	316	324	174	318
but	81	397	109
at	201	201	152	172	193	224
least	198	231	147	437	187	168	232	280	190	94
they	195
are	388	169	222	156	126	223
cheaper.	176	277	193	198	152	355	167	361	300
Mr	92	184
Blunkett	357	206	302	67	72	199	227	246	138
should	326	245	226	117	245	74	174	228
make	243	247	181	197	215	216
the	169	270	172	173	224
radically	188	415	176	214	243	381	251	154	161	443
pragmatic	287	378	332	284	297	225	300	648	332	413
case	231	243	219	209	200	232
for	280	290	259	183	211	275
the	107	240	157	138	131	325	146
humane	242	270	276	233	499	305	189	210	254
treatment	265	655	207	348	178	252	268	426	485
of	113	119	129	115
the	193
nation's	256	145	137	246	418	224
criminals	247	315	166	190	137	233	119	222	225	343
as	228	228
a	135	227	205	170
first	403	438	219	261	236	289	242	161	146
step	161	216	209	212	248	170	258
in	195	169
tackling	168	296	156	226	246	277	188	398	628	56
the	135
causes	161	181	475	463	238	169	284
of	148
crime.	240	145	216	204
Here's	212	311	150	270	147	362	159	217	180	217
something	177	232	300	147	150	94	182	329
to	231	157	140	163
chew	174	89	182	207	147	252
over	260	224	216	189	379	106	230	183	153
when	178	169	155	182	253	165	163
pondering	175	422	244	193	389	172	333	188	165	315
the	198
growing	202	362	474	323	227	203	173	292	207
problem	234	205	206	202	187	204	167	138	183
of	
obese	247	456	157	406	171	277	315
children.	216	155	160	179
The	133	210
fattest	325	372	219	242	234	260	92	207	202	211
child	176	232	146	218	210	240	178	234	175
in	196	220	124
my	274	240	229	242	133
daughter's	83	367	257	254	189	185	208	224	155
primary	188	697	158	254	282	119	228	287	210	252
school	168	277	164	114	130	144	74
class	263	70	117	247	177	242
was	171	141	186	169	274
also	149	205	284	219	247	195	112
the	105	143	202	84	166	262	193
cleverest.	423	379	201	417	133	161	219	330
Her	251	229	213	101
mother	211	364	184	381	218	192	191	265	269
came	271	161	176	268	237
from	179	164	319	167	454	187	137
Kuala	243	409	202	363	254	281	507	200	295
Lumpur	344	190	90	387	453	185	207	275	171
and	88	145	127
latched	230	592	334	433	495	351	642	251	239	214
onto	185	225	97	276	254
me	74	363	111	110
as	205	248	237	207	165
a	188	168
fellow	177	491	618	197	242	255	192	261
Eurasian	513	422	198	196	930
when	186	165	85	443	187	373
we	398	526	350
waited	186	250	969	244	388	857	515	449	214
to	367	70
collect	373	342	225	267	532	279	434	184	369
our	209	76
children	179	187	238	208	930	217	525	227	235
after	139	152	368	710	263	157
school.	261	159	100	232	166	73
Far	
from	190	228	271	249	216	380
being	78	579	216	543	145
worried	160	98	322
or	
embarrassed	247	198	495	469	217
by	
Hannah's	233	238	350	341	206	566
Humpty	295	315	240	201	403
Dumpty	257	314	160	240	164	208
physique	346	220	354	370	300
-	
at	341
seven	270	495	371	523	327
her	284	287	178
daughter	232	167	63	273	262	320	212	279	197	92
weighed	221	365	141	223	185	184	386	229	180	331
close	223	182	193	272	174	139	182	250
to	241	179	77	164	362
10	183	97	175	147
stone	418	144	1143	287	158	440	425	191	489
-	224
she	279	185	209	311
was	274	363	243	353	345	185	180
obviously	329	161	287	173	189	324	338	183	553
proud	377	348	231	216	189	72	186	115	158	205
of	
what	296	332	161	150	204	285	304	199
she	170	91	121
called	89	52	116	141	227	127	170
Hannah's	120	439	178	120	120	284
'very	225	150	195	169	312	139
good	440	200	184	309	175	129	292	358	239
size'.	442	186	116	350	291	226	238	413	285
At	189
break,	250	197	430	563	341	538	386	329	438	338
while	422	244	420	313	217	100	339
the	101	215	218	256	347	411
others	128	295	239	363	147	212	132	77
played	241	266	157	230	102	225	185	82	447
football,	190	299	292	101	152	285	570
Hannah	212	249	96	198	144
sat	163	158	89	168	196
on	218	166	156
a	
bench	286	348	241	211	210	175	181	230
absorbed	228	364	207	174	168	250	426	216	382	285
in	233	75	256	67	52
the	179	149
Reader's	251	284	205	400	229	235	237	243	173	405
Digest	136	229	196	188	189	269	197	160	216
or	176	154
the	219	202	291	259	151	301
Ladybird	159	430	63	494	132	387	681	169	377
Guide	266	409	177	145	441	119	228	228
to	258	84	55
the	
Solar	255	284	195	209	185
System	348	351	161	271
steadily	263	316	539	330	232	267	254	279	221	529
working	210	226	257	181	104	273	397	243	268
her	214	97
way	230	206	92	345	168	202	244
through	211	328	169	198	97	177	235
a	76
family	91	228	149	203	258	255	239
size	170	368	94	208	65	206
pack	218	509	208	115	175	365	236	259
of	139	217
mini	140	271	231	70	154	233	203	81
Mars	314	106	213	146
bars.	161	239	507	137	64
She	154	230	221
came	160	211	171	313	138	429
to	400	139	222	151
tea	300	273
once	404	734	261	242	265	350	168
and	166	212	206
explained	213	348	313	452	432	240	263
why,	196	220	152	75	241
although	297	269	208	449	283	257	518
the	197	490
individual	214	1057	530	336	564	493	620
galaxies	730	395	92	408	340	422	434	176	251
were	117	205	381	178
constricting,	694	668	378	1192	212	609	599	722	391	749
the	324	161	64	160
universe	247	384	164	200	269	366	235	286	400	490
itself	205	171	296	202	265	171	223
was	519	229	177	161	57	165	246
expanding.	259	593	581	464	200	79	205	286	264	278
She	920	112	402	584
wanted	117	573	142	434	86	710	191	230
to	193	253	609	327	275	165
be	273	130
an	
astronaut.	415	595	956	71	498	156	246
I	
had	436	235	191	194	163	142	299
just	170	113	115	170	477	132	172
come	187	131	311	226	125	185	219
back	218	154	242	199	188	119	278	172	177
from	152	175	146	173	197
a	164
press	180	295	347	166	182	191	225	201	215	193
trip	236	197	188	238	313	237	200	189	251
to	176	217
Hawaii	168	390	65	247	277	242	160	228
where	189	252	278	424	144	153	188
one	153	144	146	87
morning	260	242	365	128
all	355	527	279	212
of	447	196	73
us,	279	227	142	360	158	182	204	161	126	223
apart	332	171	456	179	149	243	183
from	164	190	305	182	53	163
a	216
Midlands	219	332	156	625	103	312	378	217	262	383
radio	143	345	94	84	232	396	316	366	133
presenter	244	453	151	605	176	66	573	140	172	393
called	188	313	158	366	165	381	266	176	178
Kenny,	156	354	141	192	183	331	650	122	187
had	160	925	257	361	272
been	124	301	169	223	77
taken	302	280	223	160	493	259	126
by	188	174	61
helicopter	367	209	378	129	617	571	411
to	212	101	243
see	215	173	183	259	252	258
some	233	147	245	308	204	116	129	221	258
spectacular	199	350	276	361	291	186	518	401	254	288
waterfalls.	365	419	357	409	343	715	209	452	380	773
Kenny	252	214	195	144	415	250
couldn't	244	448	193	597	206	75	244	317	152	240
come	196	60	111	95	172	146	127
because	189	201	126
the	203	170	185	58	69	242
tour	189	165	110	182
guide	211	332	200	203	359	196	180
said	430	188	209	300	253
he	583	344	185	169	296
was	297	184	175	118	205
too	250	155	351	243	187	187
fat	501	337	178	178	240
and	164	86
would	385	240	138	225	193	393	175	515
upset	388	245	244	215	330	364	208
the	145
balance	186	333	193	229	224	362	278	350	149
of	281	176	116	96	489	482
the	52	253	360
helicopter.	279	202	93	207	363	516	583	744	403	267
I'd	433	138
told	164	277	207	154	569	63	192	184	92
the	199	104	180	325	188	280
children	147	322	206	179	218	84	376	281	243
about	290	218	231	389	195	202	412	211
Kenny	243	269	504	295	255	142	123
and	138	201
hoped	148	199	206	244	254	161	63	190	173
they	216	283	273	243	160
wouldn't	243	494	310	363	184	91	141	129
bring	238	185	144	187	116	155
it	271	104	125	104
up.	72	192	92	191	186
They	216	243	236	188	231
didn't	64	333	158	256	296	281	79	132	188
because,	546	264	170	97	144	247	326	455	385	332
believe	333	349	147	353	104	196	180	237	225	213
it	164
or	181	228	199	367	188	219	231
not,	178	80	325	148	58	154
they	155	163	186	89	143
really	195	408	202	371	215	337	243	218	223	329
hadn't	240	187	167	188	667	188
noticed	142	385	97	188	158	448	351	102
Hannah	132	213	145	139	186	94	127
was	269	120	73
overweight.	386	230	172	203	229	230	200	198
'Hannah	573	384	124	397	199	692	204	188	299
the	412	272	179	295	88	167
clever	402	288	164	240	704	139	189	601
one,'	225	214	418	130	302	327	159	200
they'd	397	258	215	196	184	308	223
say,	413	97	152	182	267	348	152
not	317	219	71	81	153
'Hannah	610	182	119	283	400	355	426	508
she's	512	161	170	199	233	677	81	1067
fat.'	217	620	232	195	150	327
I	255
wish	82	372	114	146	313
this	247	234	194	185	228	200
story	276	189	86	185	130
had	164	184	144	106
a	218
happy	443	408	310	208	188	107	235	176	285
ending	300	405	182	299	191	156	173	233
for	221	98	95	212
there's	402	309	174	195	404	176	197	177	218
no	164	269
reason	756	207	165	286	62	224	263
why	179	81
stories	366	127	122	174	337	79	232	228
about	411	144	140	92	167	180
fat	267	248	155
people	182	155	221
shouldn't.	79	174	229	247	177	154	249
Take	169	342	66	163	105	144
Kenny.	541	195	168	241	436	439	395
From	172	193	220
the	268	169	208	246	123	283
neck	216	172	186	250	219	340	238	162
down	93	361	389	109
he	223	292	87	144
looked	202	254	176	237	250	214	196	369	162
like	301	277	318	121	137	142
Mr	262	159	233
Blobby	185	416	201	272	193	329	326	372	142
but	282	84	417	298
he	352	148	400	201	254
had	204	314	217	185
a	210	83	264	294
surprisingly	258	401	149	1679	150	643	108	680	421	371
lean,	345	365	149	291	73	386	402	271
mean	62	400	165	189	198	251	277
profile	179	645	166	242	264	548	186	422	496
and	197	121	107
a	174	177
devastatingly	693	695	335	352	555	227	332	240	378
sexy	316	299	132	142	243
voice.	366	187	334	345	349	215
Women	157	283	101	54	227	182
in	117	360	168	146	401	99	76
the	203	140	147	209
Midlands	401	188	166	158	186	81	85
wrote	328	157	250	359	231
in	187	187	119	248
every	250	286	211	293	287	59	119	228	483	324
week	286	283	58	116	170
to	242	178
tell	216	213	177	200	378	301
Kenny	159	201	147	86	201	247
how	186	211	178	197	243	160
much	123	324	195	211	123
they	184	342	146	210	199	127
fancied	228	496	165	280	178	247	187	299	186	152
him.	204	93	138
When	146	213	347	212	330	395	228
we	342	286
got	226	243	291
back	581	181	203	159
from	228	223	158	167	103	183
our	401	176	94	168
waterfall	184	437	503	322	156	418	261	348	347	243
trip,	176	295	276	167	142	191	189	264
we	140	266
found	208	183	366	326	487	234	185	280
him	171	110	154	256	180
on	154	93	163	295
the	213	220	372	220	172	330	116	168
hotel	271	352	304	226	198	530
terrace	180	315	264	217	227	63	465	197
drinking	181	856	191	156	223	289	181
beer	254	235	173	74
and	319	229	241	175	172
dealing	371	367	217	170	185	248	178	299	251
with	171	442	79	211	360
his	221	227	229	412	353	688
fan	290	245	303	315	241	188	173	441	182
mail.	422	188	141	192	84	330	663
Hannah,	238	339	185	256	194	178	558
I'm	164	178	146	152	198	596
sure,	225	425	170	180	167	225	80	506
could	170	150	259	316	101	310
have	231	246	189	305	145	355	195	169
ended	261	270	178	182	168	217	108	181	218
up	169	287	236	109
as	249	202	101	228
content	307	317	172	191	175
as	131	193
Kenny,	324	200	146	82	368
but	104	233
at	205	239	632	539
12	260	213	280	51	337
she	186	354	96	133
was	268	195	161	433	186	191
screwed	233	153	120	581	344	454
up	259	137	226	72	84
by	183	145	422	170
the	214	231	266	170
therapist	160	315	397	500	648	206
her	206	497	399	179	262	243	124
mother	328	310	203	94	677	488
got	653	362	273	92	440
hold	165	142	132	124	216	173	192	204
of	225	181	642	479	354
to	84	169	386	203	162
help	215	207	77	135	146	573	140	369	632	220
her	558	242	220	153	426	179	176
lose	170	170	362	486	150	67	424	194	258	241
weight.	195	529	220	261	309	180	176
Please	635	214	300	137	63	210
note	227	230	156	209	395	335	241
it	116	116	171
wasn't	101	246	181	204	356	490	366	146	284
Hannah	253	333	137	198	372	158	108	190
who	186	376
wanted	596	489	94	262	319	178	217	302
to	204	190
look	155	378	305	112	123	215	153	188
like	394	282	148	334
Kate	322	215	331
Moss,	184	450	144	115	124	114	59	436	240	218
it	78
was	240	55	200	72	224
her	247	227	190	116	184
mother	378	195	381	151	103	186	158	292
forcing	224	801	132	204	98	207	453	195	330
her.	248	112	138	478	201	240
From	182	188	193	103
being	223	186	168	169	169	243	428	397
a	187	182	237	208	171
bright,	123	252	193	166	498	218	369	177
happy,	405	327	242	183	241	224	239	181	266
clever	314	463	219	258	254
fat	241	247	72	350
girl,	423	208	130	209	286	190	386
Hannah	197	178	157	158	113	153	193
became	189	237	171	389	381	187	635	205	163
a	
depressed	206	495	160	188	217	200	263	187	192
neurotic	253	391	319	229	247	263	205
anorexic	284	422	254	316	229	345	365	275
teenager	458	337	274	289	202	325	192
who	217	366	158	91	229
only	139	476	245
read	199	178	237
books	340	147	220	184
about	242	170	173	95	187
fashion	211	305	259	411	117	159	191
and	175	217	128
diets.	313	471	321	424	190	153	146	214
I	199
bumped	219	341	299	190	156
into	196	277	174
her	190	247	163	214	143	399	369
mother	194	67	142	65	200	417	300
the	176	200	165	148	113
other	75	249	173	163	165
day	133	276	142	205	92
outside	192	378	280
the	236
Post	172	186	213	75
Office.	400	787	418	188
'How's	116	496	191
Hannah?'	219	455	569	397	225	183	333
I	223
said.	209	119	232	123
She	411	417	229	474	143	198
was	63	473
at	160	254	245	356	171
a	162	221	125	177	173
health	248	186	190	258	207
clinic	175	284	208	185	445	500	279
in	223	95	235	146	202
Portugal	289	396	120	218	271	333	202	257	251	246
doing	203	188	370	166	75	290	178	163
alternate	221	599	416	405	197	412	386	405	178	385
sessions	227	842	91	461	295	419	184	540	210	219
of	197
meditation	104	502	422	416	278	389	341	344	213	337
and	717	167
colonic	378	627	521	368	287	362	184	161	311
irrigation,	278	736	315	522	195	264	331	481	166	227
said	270	104	303	348
her	1007	116	148	196	224
mother.	173	174	102	193
Since	213	308	119	222
the	188	442	160	183	63	157	164
obesity	264	657	222	187	119	187	256	332	224	664
report	173	800	190	196	340	162	170	230	425
came	265	166	82	273	119
out,	182	331	140	186	145	146	344	164
parents	212	313	157	106	233	252	241	187	230	599
have	109	249	177	155
been	265	178	244	255	205	206	176
swamped	219	245	144	170	307	229	180	125	373
with	108	177	145	141	108
advice	187	84	191	117	202	171
about	282	321	214	224	177	215
how	247	228	152	185	145
to	200	168	141
control	213	483	181	318	193	185	435	270	341	294
their	284	153	169
children's	195	276	210	307	188	379	81	240	168	147
diets	172	356	313	190	267	178	206
and	226	185
lifestyle.	65	368	448	196	156	74	267	282	205	430
The	347	214	311	99	219
older	96	297	79	364	200	177	247
I	318	139	131	121	95
get,	329	151	237	410
the	171	150
less	268	229	261	195
I'm	190	156	236	262	230	150
convinced	254	490	194	320	121	325	259	571	107	208
that	246	176
we	179	207
poor	212	271	323	281	252	392	163	173	209
parents	200	456	175	144	388	102	290	271	389
have	199	162
any	264	284	180	108	157	282
control	159	234	287	176	346	252	164	405	253
over	157	92	178	155	79	249	82
our	104	210	63	104	281
children	102	169
at	119	103
all.	161	174	59	200	152	334
This	108	254	218	155
depressing	228	590	283	235	238	182	267	197	245	325
opinion	214	330	128	97	228	208	139	237	166	281
was	199	249
confirmed	257	507	733	252	364	671	355	186	248	269
by	146
Sir	373	289	253	351	243
Richard	573	351	303	279	145	85	206	452	195	192
Doll,	240	383	322	181	489	557	276	155	188	591
the	231	252	570	290	131	256
first	214	333	136	220	162	382	123	75	185
doctor	175	55	419	380	708	195	266
to	211	251	195	214	303
discover	192	534	169	236	263	264	92	250	337	435
the	206	162
link	188	256	165	211	171	189	258
between	202	350	225	264	356	185	454	178	151	221
cancer	354	254	173	176	127	177	217	254	195	148
and	152
smoking.	265	337	236	229	362	405	117	171	401	473
He	210	343
was	134	397	289	252	166	174	232
on	175	197	217
Desert	326	309	246	188	168	178	302	201	500
Island	238	147	84	224	232	225
Discs,	536	164	181	211	169	226
and	160	152	147
when	158	247	184	300	136	218	210	495	184
Sue	245	392	187	240	221
Lawley	209	592	265	206	341	258	73	322	284
asked	161	532	260	209	210	249	409	121	92
plaintively	110	375	439	739	193	468	224	281	368	1067
what	216	165	641	126	140	760
parents	274	245	170	344	235	114	194	229	394
could	193	202	224	186	526	376	186	223
do	114	144	173	95
to	266	104	163	182	200
stop	198	149	227	164
their	255	123	188	192
children	412	175	150	86	160	111	63
smoking,	158	221	205	226	208	64	195	120	212	384
Sir	177	214	78	178
Richard	244	516	163	246	235	253	108	310
said:	183	158	78	317	72
'Absolutely	190	360	468	190	256	241	261	427	329	344
nothing.'	190	272	95	207	175	186	71	119	214
In	204	125
fact,	367	511	265	230	260	155	133	185
he	388	102	149	158	218
opined,	261	227	178	623	212	1499
the	218	114	698	290	424
more	254	357	241	149	486
parents	437	311	146	185	206	342	238	264
nagged	337	179	154	265	429	199	258
at	136	92
children	361	271	173	66	176	199
not	57
to	194	232	133	221	327
smoke,	157	204	225	185	112	51	84	224
the	
more	162	259	267	165	217	195	226
likely	204	167	145	162	172	90
it	187	146	111
was	220	188	104	112	162
that	182	348
they	272
would.	220	153	238
As	201	162	214	54
long	415	304
as	420	347	260	212	140	203
they	117	112	197	62	151
stopped	449	293	161	188	189	220	162
in	
their	226	240	280	449	208	456
mid-thirties,	509	651	583	280	401	500	505	305
they	527	378	279
wouldn't	472	301	258	242	274	401	512	287	288
die	192	219	310	147	145
of	229	189	170	180	229
lung	253	100	196	493	208	174
cancer,	296	263	67	158	98	351	277	195
he	194	164
thought,	202	451	471	293	308	185	188	240	346
and	183	151	137	213
there	170	200	258	173	279	693	170	167	168
was	446	215	150	299	165	154
a	182	199	239	175	171
very	191	178	297	587	200	201
strong	265	175	235	143	204	305	219	186	269	153
chance	224	216	231	218	122	183
they	181	527	163	156	140	97
would	90	98	151	113	164
stop	262	175	135
smoking	189	292	213	172	103	100	160	191
as	195	71	81	171
adults	244	618	171	256	227	291	319	337	241
having	306	165	188	232	172	545	199	204
weighed	207	294	94	125	251	113	371	160	198
up	169	188	184
all	245	54	206	150	332	306	271
the	189	106	266	334	199
evidence	174	191	176	215	233	142	280	90	182
against	268	381	156	228	407	243	197	200	355
it.	287	128	89	184	264
I'm	228	129	209	154	126
sure	157	216	78	875
the	207	275	245	148
same	93	67	288	68
argument	91	621	146	184	198	218	376	184	332
applies	291	146	290	228	94	151	183	183
to	166	104	175	128
obesity.	500	479	177	358	189	114	248	179	401
Keep	298	68	218	342	81	129
nagging	280	635	194	491	224	160	320	400	329	502
at	213	144	250
children	232	158	154	245	232	176	130	156	280
to	146	124	144	116	447
stop	147	190	98
snacking,	207	205	182	144	277
switch	249	656	247	465	312	80	352
off	224	137	170	137	239
the	118	194	129	290	215
television	238	345	222	410	226	192	206	255	149
and	152	150	82	182	141
take	479	397	109	171	88	113	278
exercise,	329	271	228	360	232	174	268	399	244	301
the	229	143
more	229	158	221	352	336	237	187	253
they	232	220	165	172
will	144	155	67	159	168	150	74
guzzle	103	150	127	111	159	96	436	146
and	87	172
slump.	55	217	159	109	380
Waiting	423	354	152	340	301	224	418	497	237
outside	367	491	233	224	94	182	503	453	231
the	162	135	215	191
fitting	222	348	286	334	111	245	330	572	373	156
rooms	472	265	219	495	246	471	154
of	251	153	167
a	107	258	56	212
Kings	705	442	67	337	377	190	180	279
Road	491	266	176	372	230	600	175	148
shop	189	395	136	256	289	171	223
the	168	198	308	174	168	218
other	161	146	136	464	247	544	260	249	255
day,	221	199	53	217	251	160
I	144	74	150
was	59	106	251	188	180	100	187
surprised	231	566	220	177	132	132	260	276	193
and	145
dismayed	152	437	112	234	262	224	465	253	166	282
not	195	217	56
by	322	203	434	303	359	178	322
how	112	450	189	654	222
fat	315	189	202	224	191	182	188
kids	255	95	169	306	194	351	207	148
are	242	160	121	179	134
these	320	350	161	464	230	427	219	193	193	252
days	359	79	69	271
but	193	175	165	133	71	204	119	183
how	75	122	81	109	60	233
unhealthily	289	568	52	81	382
skinny	237	392	91	302	329	170	372	236
they	228	538	222	118	167	269	235
are,	239	563	387	472	323	443	189	271	415
especially	97	449	167	244	197	244	71	371	180	200
teenage	166	338	137	159	258	174	378	85	343
girls.	365	266	176	446	98	65	198	253
The	221	189	141
ones	224	206	155	242	407	252	545	275	202
trying	394	301	230	196	351	608	160	174	142
on	345	114	163
crop	158	139	170	159	152	133	313
tops	88	554	269
and	340	456	286	221
trousers	60	306	331	228	296	271	654	346	212
looked	258	159	222	121	164	187	173
less	183	197	107	272	429	198
like	184	160	164	146	181	358	238	190
nubile	254	382	234	139	238	453	161	447	337	662
young	438	257	174	189
women	360	66	475	135	245	250	194	171	358
than	203	228	232	321	179
scaffolding.	448	452	54	551	417	195	421	409	379
If	140	177	258	508	117	131
you	474	188	160
want	241	383	146
to	
see	206	251	222	187	188	164
serious	163	278	357	332	317	244	234	194	414
obesity,	420	234	349	203	339	163	133	166	201	222
go	491	161	155
to	312	92	202	185	351
Miami	208	147	369	406	271	112	433	156
airport.	207	266	103	223	286	347	192	190	380
It's	511	221	114	193	197
more	260	208	87	261	336	156	145	358	66	146
obvious	163	395	116	121	364	127	251	101	106
out	144	87	126	117	123	160
there	237	189	242	58	149	238	164
because	231	127	570	199	154	139
everyone	306	276	254	253	428	202	167	182	333
is	247	153
wearing	200	311	218	271	201	411	622	177	262
shorts.	307	351	267	239	254	144	246	193	245	307
The	211	100
entire	197	428	165	202	267	218	146	253	246	346
airport	374	386	456	146	242	455	269	195	179	70
smells	271	381	203	253	164	325	285	294	247
of	383	290	141
cinnamon,	579	790	405	177	397	334	814	492	255	488
the	134	140	141	175	126	69
preferred	254	515	141	304	244	375	251	1311	232	548
topping	258	327	121	70	217	230	183	201
for	225	161	166	151	226
all	259	183	277	199	118	162
those	292	329	167	154	341	419
doughnuts	426	887	354	251	171	83	162	351	274
they're	175	646	293	243	194	188	319	171	268
selling.	189	223	119	465	186	234	305	303	281	409
You	222	128	204
see	261	245	238	223	264	187	258
entire	473	95	257	256	383	169	525	140	307
families	202	85	122	199	156	258
sitting	293	251	231	359	470
at	246	236	144	181
doughnut	226	397	195	596	111	246	429	188	486
stalls	177	241	192	179	356	66	318	190	311
with	131
buckets	228	516	241	194	248	353	235	221	387
of	159
doughnuts	231	505	159	299	241	282	315	197	331
between	151	73	181	223	86	272	74	267
their	157	200	67	106	174	162
knees.	287	161	93	311
Now	404	190	193
that's	683	732	537	468	860	241	218	1057
obesity.	243	175	549	379	444	1231	437
