As	162	465	163	893	146
ever,	270	199	273	117	445	362	266	146	358
market	192	405	190	199	208	203	238	213	190	517
trends	206	400	220	181	139	264	277	404	290
are	302	170	166	116	323
against	682	208	443	216	185	429	467	229	187
the	239	93	64	204	216	452
way	238	216	241	117	158	134
of	185	206	190	201	329	186	116	221
life	555	198	97	224	737
of	153	382	209	295	165
a	259	309	219	347	198
marginalised	301	439	530	224	189	859	654	246	502
community.	367	547	184	240	308	413	348	199
The	155	263
evidence	66	162	178	163	360	140	114
of	216	278	195	215
the	200	153	309
annual	174	660	234	230	216	302	88	350	166	271
Caravan	737	583	190	207	212	248	1160	637	307	259
Show,	194	427	150	179	368
which	212	183	90	269	189	85	213	217
opened	234	626	151	349	185	196	293	162	205	167
in	164
Birmingham	188	221	164	293	92	354	78	217	227	246
yesterday,	191	139	201	137	169	388	327	199	193
is	206	414
that	168	283	276	148
the	165	248	227
traditional	273	256	288	194	382	362	195
caravan,	295	260	197	282	217	225	90	217	250	390
the	280	596
wheeled	242	397	186	392	114	336	272	280	178	218
kitchenette	262	620	610	719	226	541	225	428	238	628
that	160	381	408	180	90	203
you	222	167	168	277	169
attach	141	351	92	262	198	334	205	170	465
to	139	354	216
the	103	138	152
back	206	238	55	294	167
of	167
a	71	165
car,	176	285	136	94
is	159	182	233
being	282	246	168	118	349	230
ousted	225	232	412	396	211	329	161	200	868	404
-	307
much	167	214	338	474	239	218	187	402
in	193	147	242	122
the	61	164	149	199	200
manner	188	315	183	314	532	253	180	206
of	237
red	81	373	118	250	176
squirrels	424	418	256	415	274	108	298	146	274	242
by	274	111	271	359	359
grey	212	178	143	140
-	292
by	231	59	897	290
the	156	164	204
all-in-one	809	181	673	188	206	485	362	179	702
mobile	276	525	327	283	215	217	423	213	496
home.	197	509	239	316	363
Caravanners	218	304	378	463	435	411	111	313	267	325
have	155	184	225	85	375	290
been	224	220	157	259	210	262	177	156	243
a	157	319	80	333
despised	387	384	522	268	251	230	202	110
minority	230	654	246	350	298	649	355	302
for	322	247	173	57	276	145
too	300	335	142	342	166	99	183	173
long.	124	138	105	211	498	185	414	252
They	169	208	58	165	153	70
may	220	86	215	203	120	199	126	344
not	135	163	256	116	146	146	263
have	147	208	162	191	168	785	321	86	414
known	263	199	113	232	128	186	126	732	356
quite	371	168	245	201	99	289	418	149
how	200	233	174	580	198	219
much	193	184	235	182	125	246
they	179	433	149	167	133	169	238	192
were	211	188	188
despised	256	283	130	233	193	177	287
by	138	271	160
the	173	108	94
drivers	277	184	189	226	276
of	197
unencumbered	464	969	523	578	243	521	341	928	314	922
vehicles	146	345	284	247	523	193	300	155	173	643
travelling	170	593	176	252	209	459	212	188	205
behind	160	201	162	322	228	76	217	227	160
their	656	160	219	311	280
swaying	153	220	404	172	174	391	154	188
boxes	147	187	108	270	203	543	445	99
on	153	325	128	86
a	415	154
motorway,	279	342	246	163	162	56	244	437
but	220	156	208
they	251	241	171	147
sensed	186	316	159	184	136	336	376	372	195	265
that	188	241	229	164	260
they	335	149	158	249	152	88	561
were	152	202	104	129	174	112	160	187
discriminated	196	287	626	481	224	382	418	183	241
against	141	626	139	265	233	213	163
by	74	174	51	182	221
the	94
mainstream.	211	183	206	318	593	238	636
And	156	61	160
they	218	145	167	188	241	155
knew	216	373	76	230	244	153	94	225
that	201	169	201	359	64	99
they	191	146	183	358	153
were	171	174	185	112	161	157
under-represented	234	763	602	338	731	739	857	414
in	249	282
Parliament,	152	687	174	243	129	468	528	346
with	134	131	140
only	175	199	688
one	182
of	206
their	424	125	250	256
number,	190	267	229	226	176
Margaret	204	89	184	708	192	433	224
Beckett,	196	557	252	757	216	303	182
in	207	167
the	318	174	111	284
Cabinet.	245	146	219	537	200	181	347
Mobile	233	75	572	188	472	1362	241
homes,	432	361	670	141
meanwhile,	271	344	242	274	270	304	437	277	426
have	271	287	194	381
shaken	176	470	158	158	386	85	161	190
off	183	158	134
their	150	229	184	247	243	194	333	171	248
image	503	182	256	333	607	149
as	181	182	227	165	186	166
overgrown	208	1575	357	229	717	528	189	362
camper	199	214	234	218	176	264	227	57
vans	98	155	188	229
and	156	245	150	253	168
become	168	179	340	151
fashionable,	214	326	156	202	318	334	394	206
with	260	164	219	104	298	66	100
the	518	197	146
help	224	145	195	286	284	205	206
of	202	148	253	369
air-conditioning,	245	835	378	435	228	278	1407	547	419	384
built-in	206	510	207	267	271	226	249	270	232	124
dishwashers	253	495	230	308	241	287	368	241	257
and	213	191	378
all	203	191	147	238	189
mod	141	100	136
cons.	192	133	370	267
Surely,	174	86	268	306	243	183	54	190
caravan-owners	387	683	625	444	365	393	179	341	482	496
should	197	293	190	181	186	300	978	170	208
react	438	186	188	390	232	188
by	381	210	152	180
going	233	217	325	146	392	63	566	225	430
in	243	171	236
the	259	241	233
opposite	246	147	196	245	292	192	404	729
direction,	169	238	116	164	240
back	112	120	189	291	196
to	305	241
the	150	199	282	206
simpler	253	222	229	210	273	369
holiday	276	386	435	251	158	234	275	208	287
life	367	145	213	194
that	150	219	134	194	319	297	257
is	137	349
true	422	205	177	249
to	155	157	230
their	192	237	212	181	157	99	308	164
origins.	301	222	108	298	208	201	235
They	193	323	392	312	197
could	165	161	82
invent	160	201	310	713	177
a	
more	242	207	256	398	168	203
basic	428	141	168	217	143
and	148	255	146
portable	389	416	207	267	205	253	219	220	226
form	219	175	164	303	184
of	231	55	120
accommodation.	217	492	217	318	256	287	536	364
And	201	228
call	161	229	304	186	852	526	167
it	253	129	138	190	379
a	425	85	166
tent.	315	698	300	671	187	89
Noam	593	347	163	380
Chomsky,	254	1329	566	58	230	412	501	391	605	450
one	187	509	151	165	52
of	550	65	169	170	146
America's	189	843	326	323	148	354	300	197	321	344
leading	164	891	186	246	188	97	261	174	233
philosophers	159	1055	169	491	205	334	262	439	197	93
and	982	250	177	478
an	229	217	169	248	222	239	253
icon	51	285	176	118	280	145	155
of	193
the	161	211	146	130	225
radical	113	174	169	121	322	407
left,	172	176	270
took	215	153	155	67	163
centre	237	291	146	389	303	232	208	470
stage	203	189	300	86	620	68	479
in	154	231	110	165	173	219
an	172	167	183	71
Istanbul	263	487	363	391	388	359	573	463	255	547
court	257	183	242	170	70	174	202	231
yesterday	173	462	76	330	166	145	118	169	155
when	203	163	173	188	412	222
a	402	212	197	254
judge	174	142	123	172	154	188	140	161	163
threw	250	137	117	163	143	240	181	184
out	124	85	95	91	138
charges	55	332	888	148	184	722	435	57
against	209	53	542	192	203	600	222	176	155
the	230	170
Turkish	225	176	190	205	226	213	524	64	283	237
publisher	194	201	281	150	245	236	662	53	264	274
of	
his	250	214	414	205	269	243	162
book	185	151	209	302	363	255
criticising	154	540	429	427	270	209	355	622	572
treatment	206	240	295	223	504	609	579
of	107	223	515	413	107	347
the	188	96	73	131
Kurdish	482	333	306	287
minority.	197	435	201	146	196	195	932
Bespectacled	186	579	236	485	336	623	772	967	483
and	194	166	195	188
mild-mannered,	379	511	338	588	271	504	717	309	535
Mr	146	302	297	210
Chomsky	424	233	310	190	269	487	188
cut	193	195	412	302	229	182
an	690	170
unlikely	98	154	631	142	565	395	188
figure	238	120	263	359
in	129
the	107
crowded	210	203	182	393	215
courtroom	247	449	154	230	125	404	168
where	273	171	98
'crimes	159	178	234	204	133	188	78
against	444	247	210	264	339	157
the	166	93	201
state'	196	174	182	172
are	122	181	296	279
tried.	335	145	249	664	658	267
The	319	284
72-year-old	226	297	380	691	346	310	930	695	405	389
linguistics	187	563	401	405	249	485	562	487	365	268
professor	267	322	390	311	295	360	504	442	390	470
watched	241	191	197	255	385	348	319	216	240
as	218	106	157
prosecutors	192	515	439	349	249	680	932	206	387	637
abandoned	197	112	537	185	516	401	586	390	384	422
earlier	116	426	251	194	282	364	116	545
claims	125	176	155	112	121	307	262
and	262
accepted	194	389	236	471	241	258	286	221	250	232
the	177
defence	225	233	310	660	248	322	69	240	401	216
argument	71	197	507	220	496	375	276	254	243
that	243	195	187	141
Fatih	1897	452	169	1020	249	513	529	866	219	146
Tas,	445	219	231	490	222	550	462	119	610	459
of	174	379	89
Aram	826	327	206	502	350	231	349	334	407	498
Publishing,	210	168	195	226	251	182	367	296	572	451
had	143	186	292	147	138	161	301
not	110
spread	356	188	235	95	164
separatist	243	247	327	197	164	409	173	289	653	332
propaganda.	162	522	196	366	209	211	92	331	344	457
The	116
charge	205	233	191	217	335	397	203	281	350	214
is	127	290
often	184	174	174	440	146	226	366	682	171	332
levelled	171	400	158	287	150	169	116	235	333
at	80	210
critics	301	417	193	195	413	464	369	341
of	225
Turkey's	119	221	181	60	164	674
policy	246	212	354	191	208	676	269	275
towards	185	351	176	304	231	576	150	180	473	159
its	270	67	121
estimated	369	385	196	510	314	351	551	262	388	574
12	223	195	292	131
million	182	171	145	765	212	85	411	205	163	444
Kurds.	173	95	566	176	101	80	60	365	294
Bekir	609	531	227	294	421	613	118
Rayif	682	534	155	261	511	342	956	414	473
Aldemir,	1015	164	364	338	267	498	349	581	459	558
the	163	141
prosecutor,	525	274	103	470	372	149	386	374
said	355	107
he	189	230	180	231
'understood	201	547	403	466	211	331	958	247	379
the	157	53	87
book	193	208	195	177	211	232	334	414	197	271
did	525	228	63	174
not	485	250	224	180	112	67	204	155	229
seek	466	342	123	219	145	460	188
to	189	186
divide	343	237	388	450	301	138	252	247	234
the	181	184
Turkish	414	266	135	416	581	136	223
nation'.	588	282	348	270	319	521	758	285	360
Mr	183	143	61
Tas	175	140	164	217	222	170	214
faced	337	200	271	575	129	200	350	411	222	647
a	177	186	133
year	189	224	118	150	328	387	80	202	189
in	180	355	87	207	172
prison	204	261	170	198	207	110	227	158	167	303
for	168	117	278
printing	348	475	390	227	247	230	331	361	225	435
American	174	354	245	173	199	468	258	255	344
Interventionism,	484	434	451	912	167	1300	933	1235	474	744
a	
collection	190	226	385	638	445	650	237	511	597	581
of	
Mr	230	132	529
Chomsky's	227	231	219	346	264	141	251	293	513	382
political	589	302	212	334	258	333	246	136	169	360
essays	650	233	203	228	249	112	231	127
in	224	188
which	234	143	203	230	229
he	263	192	104	141	177	84
accuses	235	182	216	241	489	331
Turkey	266	205	202	147	366	179	201	353
of	155
'brutal	241	306	229	685	254	259	406	229	224
repression'	150	403	386	247	201	341	406	416	276
of	237
the	120	168	186	196	125
Kurds.	220	423	114	543	71	97	352	396	276
'The	121
prosecutor	457	199	273	411	199	897	515	374	159
clearly	260	170	132	193	262	178
made	169	249	218	993
the	145	133	240	247	250	237
right	253	194	220	197	295	334
decision,'	190	510	352	227	485	439	159
Mr	66
Chomsky	240	276	215	256	226	316	436	355	313
told	182	178	389	143
reporters	256	238	84	477	188	453	337	377	274
after	277	219	196	68	461	187	197	177
the	148	225	177
hearing.	220	313	171	448	229	189	245	177
'Hopefully	187	297	232	166	148
this	187	217
will	257	186	168	203	235
serve	299	235	185	98	271	165	188
as	241	177	281	195	178
a	270	229	184
step	247	232	184	178	163	217	209
for	
establishing	180	733	287	232	333	372	499	242	96
freedom	236	312	399	246	248	151	231	440	223
of	209
speech	264	482	147	360	254	246	212
in	354	178	236
Turkey.'	219	408	188	403	242	267	359	491	248	325
Mr	208	144	168
Tas,	210	489	152	400	130	447	464	198	320
a	154	167	311	214	117
22-year-old	476	369	228	290	436	443	993	189	421	407
university	210	406	177	243	262	229	194	254	365	215
student,	184	515	268	164	184	166	381	91	159	284
has	211	163	422	465	198
six	225	222	229	242	258	399	722	260	293
other	234	269	265	346	183	197	357	73
cases	210	254	153	162	136	226	117	331	93
pending	169	259	215	256	249
against	396	176	199	170	278	325	172	215
him,	214	138	100	105	188	55	203
carrying	174	217	167	390	517	143	406	504	537
a	
possible	180	395	217	426	308	134	242	688	90	271
24-year	204	214	161	374	404	371	122	179	173	222
prison	224	477	220	266	199	183	335	276	182	267
term,	163	224	238	187	142	203	135	196
all	306	244	79	199
for	205	134	176	252	371
printing	308	317	106	241	153	197	474	172	147
articles	254	178	145	151	88	128	339	200	153
or	138
books	226	244	126	174	87	266	177	202
dealing	175	355	260	329	182	395	82	162	232	543
with	259	201	234
the	134	201	169	178	165
Kurdish	216	281	185	250	236	379	348	172	231
issue.	272	58	240	233	214	405	131	205	197	238
He	403	81
called	189	190	253	253	218	396	256	467	215	305
yesterday's	174	403	126	213	170	176	60	258	546	287
ruling	226	318	113	211	114	120	212
'insincere'	378	611	757	299	548	639	357	493
and	239	63
suggested	271	594	370	302	255	188	252	272	288	441
the	256	199	243
presence	241	219	401	351	232	191	271	354	446
of	210	175
the	191	150	123
professor	389	216	332	395	231	476	225	440	597	320
from	167	250	278	226	197	67	236
the	199	207	224	157	167
Massachusetts	171	483	195	178	296	234	532	617	386	306
Institute	199	225	277	128
of	211
Technology	237	215	389	191	260	172	199
had	117	170
helped	189	190	285	375	525	958	100	377	210	356
him	236	317	320	146
escape	186	399	221	485	195	131	237	207	73
a	157	183
jail	430	357	161	490	351	201
sentence.	80	137	431	259	325	70	287	88
'The	188	391	320
case	230	552	306	103	187	249
was	253	184	161	382	46
dismissed,	251	301	291	408	296	275	246	503	226	346
but	275	156	163
this	216	171	200	137	400	76	167	199
is	192	168	185	338
not	202	240	157	425	153	235
a	167	119	215	184	193
sincere	173	475	287	333	108	685	444	524	500	435
verdict,	321	248	211	265	146	344	355	177	417	332
it	
was	230	175	275	171	365	221
given	185	428	161	330	218	419	254	439	83	193
because	199	205	86	137	86	213	141	660	163
of	149	194	399
Mr	96	169	52	127
Chomsky's	146	248	195	158	201	293	134
support,'	285	477	174	217	240	222	88	527	194	287
he	173	217	130
said.	192	195	366	403	58	192	196	159	406
No	309
charges	414	509	357	247	347	309	464	277	128	217
were	200	413	191	71
filed	473	393	184	292	202	483	348	230	321	213
against	423	204	174	351	314	185	100	171	354
Mr	196	87	189
Chomsky.	146	150	361	231	97	308	464	147	193
Defence	207	266	208	197	344
lawyers	152	387	165	269	75	201	141
had	180	135	166	158	134
asked	242	493	237	127	191	203	112	252	310
that	153	97	192	271	239
he	234	136	207	242	256	246	170	153
be	421	147
included	215	258	582	299	206	682	331	313	165
as	63	331
a	234	256	178	121
co-defendant,	199	460	327	447	275	464	826	356	331	542
but	165	97	70	94	669	150
prosecutors	219	424	1207	175	418	372	251	379	162	298
declined.	356	285	1392	597	292	637	146	273
A	159
vocal	123	189	454	276	405	717	255	259
critic	255	362	185	562	522	354	483	469	443
of	176	207	595	242
US	168	278
foreign	414	299	662	209	702	373	205	199
policy,	290	357	123	664	150	151	390
Mr	326	141	174
Chomsky	422	376	245	680	229	476	280	172	218
said	179	233	109	112	109	72
before	172	181	168	142	96	130	190	193	169
the	190	85	211	359
hearing	238	186	444
that	207	106
Americans	297	188	216	203	192	233
had	68	89	209	235
a	257	453	154	111	289
responsibility	225	412	240	321	209	525	319	367	281
to	
monitor	651	308	204	166	311	104	259
and	157	72	226	63
protest	191	219	487	230	312	221
against	611	396	234	92	280	283	401
human	63	473	69	36
rights	231	383	199	369	112	177	283	482	278	157
abuses	285	158	223	105	457	187	186
in	160	220	289
Turkey,	226	481	168	215	189	175	146	415	272
which	263	158	197	416	178
is	124	154	190	266	142	185
a	190	431	198	170	164	164
close	208	237	202	225	170	231	373	243	269	460
ally.	166	108	323	211	188	61	339	191
'When	75	219	384	205	164
the	172	246	192	229	106	162	64	234
United	137	275	52	163	400	341	266	259	243	176
States	212	95	135	128	65	406	179
provides	157	145	153	393	113	332	337	402	215	336
80	485	392
per	521	299	330	272	247
cent	192	92	296
of	148
arms	177	213	183	435	223	163
to	157	250	242	205	158	189	179
Turkey	147	449	165	231	94	194	302	436
for	262	289
the	212	238	144	276	169	247	188	269
express	258	59	214	124	373	237	196	193
purpose	203	255	82	262	170	292	397	320	274
of	209
carrying	159	364	197	207	211	111	224	264	112	311
out	124	97	108
repression,	345	188	316	228	330	255	271
that	198
becomes	191	188	234	265	265	185	140	260	207	477
my	170	204	79	189
responsibility,'	145	321	400	645	184	312	438	271	426
he	277	117
said.	176	301	187	336	193	239	169
The	
timing	231	171	208	226	139	424	297
of	122	135
Mr	151	85	138
Chomsky's	95	172	199	314	155
arrival	264	186	231	256	217	195
could	199	186	137	197
not	158	283	170
have	178	128	224	150	154	188
been	146	100	216	169
worse	95	248	349	422
for	195	206	138	226
Turkey.	216	314	165	150	172
Just	172	266	197	223	115
a	115	299
few	124
streets	217	166	123	295	589	190	106
from	127	99	221	143	187	220	185
the	231
State	
Security	181	172	271	278	66	270
Court,	154	164	55	170
where	189	219	59
the	190	223	251	194
hearing	161	187	208	296	252	221
was	85
held,	186	224	167	111	397	189
the	155	132
Turkish	154	181	186	215	64	189	177
government	161	178	220	107	216	218
was	251	304	211	125	320	132
playing	198	332	75	330	225	296	276	375	344	160
host	302	123	200	194	149	205	197	148
to	193	228	209
a	174	248	158	132	302
high-profile	220	342	384	455	250	454	234	597	433	550
international	174	464	187	283	256	328	129	325	315	326
conference	208	363	231	256	250	178	474	326	396	215
bringing	293	224	168	204	213	194	464	376	279	234
together	152	119	92	193	112	159	366	199
foreign	192	196	610	238	243
ministers	152	313	175	179	219	223	303	185	216
from	107	216
Islamic	206	472	318	453	250	122	435	602	490	233
and	168
European	275	375	134	429	206	413	250	205	243	370
Union	174	149	75	164	163	537	255	179	386
countries.	199	80	169	278	89	196	604	409	467	445
Most	453	175	310	313	78	251	191
of	198	105	186	137	77	230
the	67	55	154	177	118
allegations	205	263	343	376	609	212
of	
human	288	187	222	155	168	169	234	211
rights	197	294	388	104	160	61	188	179	173
abuses	220	184	143	207	155	197	275	224
in	159	120	257
Turkey	369	192	135	249	215	121	252
stem	189	314	192	268	85	264
from	429	376	271	231	490	258
fighting	160	234	386	92	196	564	309
between	200	220	412	109	287	168	189	187
security	194	162	178	219	331	343	157
forces	178	121	220	81	277	187
and	
Kurdish	229	237	250	225	382	291	237	324
rebels	141	215	215	229	531	427	374	377	250
seeking	443	196	118	189	375	418	297	200	273
self-rule.	270	403	769	166	283	532	418	293	456
Some	188	196	204	268	98	178
37,000	500	167	250	449	474	348	727	241	226
people	53	201	165	270	196	163	177	206
have	204	157	245	214
died	164	63	164	204	68	175	250	150
in	154	111	81
the	86	365	104
conflict,	172	53	289	198	110
which	185	162	221	92	222
began	158	155	197	250	150	162
in	172	226	224
1984.	842	239	361	229	139	393	318
Rebels	223	239	166	179	146	142	220	156
declared	265	141	194	261	311	981	473	324
a	376	170
unilateral	761	564	273	104	474	53	1147	395	294
ceasefire	461	399	154	446	748	401
after	360	570	188	99	423	16
the	184	165	206	204	163	143	193
1999	552	187	276	173	209	311	176	188
capture	178	321	281	168	234	151	59	524	215	532
of	202	103	92
their	63	208	172	128	161	185	229
leader,	208	298	494	205	326	399	243	253	157	206
Abdullah	710	376	196	252	285	528	319	254	412	383
Ocalan,	831	301	779	716	191	331	1197	353	337	574
and	170	99	59
an	511	189	240	104	368	195	200
atmosphere	178	366	503	188	460	339	577	582	685	459
of	155
relative	51	417	195	157	120	478	464	276	430
peace	198	210	257	345	117
now	78	192	233
prevails.	507	220	249	367	460	334	178	570
Turkey	411	287	211	207	111	223
has	270	189	165	349	189
started	543	453	320	196	336	91	271	192	210
phasing	256	317	501	278	173	234	401	280	292	212
out	105	138	136	173	191
emergency	248	709	338	300	313	578	287	215	358
rule	203	302	234	201	188	70	188	220
in	134	181	125	283	147
the	203	117	137	72	79
mainly	273	146	89	153	168	344	355	296
Kurdish	401	254	228	141	363	322	488	228
regions.	162	169	182	178	118	238	60	259	390	471
Also	328	234	293
in	379	197	303	333	282
1999,	251	341	388	266	205	230	527	328	122	208
Turkey	269	156	201	441	196	170	310
became	191	208	188	219	54	304	189	168
the	473	159
first	180	167	160	243	197	400	243	177	220
predominantly	343	741	498	196	381	698	804	535	192
Muslim	170	290	105	165	263	249	599	264
nation	160	126	312	441	251
to	242
join	246	206	78	248
the	219	189	176	183	271
EU's	286	144	179	268	167	220	335	217
list	158	207	184	169	155	344	291	180
of	178	199	102	211	314
official	169	213	155	170	246	198	224	236	460
candidates	175	357	207	185	189	418	586	385	451
for	236	115
membership.	256	214	277	256	204	443	357	350	390
But	219	134	205	266	250	144
the	210	251
country's	158	263	219	340	206
poor	276	190	279	172	175
human	199	262	160	183	177	173
rights	176	291	151	144	151	261	376
record	255	169	314	231	164	69
and	89	198	218
the	189	149	94
refusal	180	263	247	228	100	365	306	403
to	165
grant	668	261	193	160	78	237	188	260
its	421	288	329	287	163
estimated	647	1387	307	292	705	557	381	504
12	203	391	122	303
million	225	401	141	282	188	142	315	303	204	149
Kurds	171	436	194	98	225	173	183	302	142
greater	288	194	206	143	450	196	165
cultural	296	330	240	266	231	428	438	320	223	445
rights	370	229	156	279	128	388	181
are	183	153	240	177	214	236
cited	184	328	281	250	423	115	311	298	335
among	296	170	196	195	514	243	171
the	205	368	213
chief	367	169	232	107	165	190	210
reasons	159	250	202	161	353	288	314	180
why	112	73	54	155
entry	199	211	153	398	249	222
is	204	136	115	188	166
continually	409	407	278	141	739	575	560	432	662
delayed.	255	447	275	299	78	167	253	334	552
Earlier	185	315	195	260	425	243	65	218	295
this	182	218	144	301	410	284
month,	162	201	219	139	188	185	241
parliament	199	297	200	176	302	185	103	233	191	180
passed	197	222	181	216	211	359	276	198
a	539	122	325
set	124	212	222	201	161	195	220
of	80	407	110
human	192	187	112	142	66	136
rights	198	170	129	218	142	170	183
reforms	341	320	66	171	205	218	58	382	175
intended	166	351	464	241	250	299	423	285	229	350
to	158	496	149
help	196	204	214	172	313	101	181	299
Turkey	314	345	513	189	129	346	187	177
meet	275	373	317	104	243	283	185
EU	146	320	291	128	193	339	297
standards.	162	188	385	84	95	321	336	344	502
The	167	183	140	324	200
authenticity	262	211	266	347	209	466	507	210	365	572
of	328	106	112	101
a	211	214	188
National	156	202	240	159	541	219	157	206
Gallery	216	146	120	314	190	534	79	92	180	311
Rubens	201	297	408	461	270	332	444	80	370	259
has	208	74	161	102
been	169	296	180	313	221	689	221	147
called	161	155	150	148	381	137	309	195
into	152	222	215	125	306	168
question	54	223	158	131	72	129	217
again.	190	223	158	249	58	217	53	532	259
The	98	191
last	287	175	136	208	364	195
time	209	195	128	448	194	274	174
Samson	186	347	530	323	522	260	600	159	354	339
and	165	187
Delilah	151	518	201	347	204	297	195	173	194	196
was	232	72	243	401	140
auctioned,	214	408	333	387	220	104	530	229	372	370
two	178	208
decades	277	391	238	318	347	149	257	270	249	228
ago,	146	624	79	192	206	159	198
it	58	53	177	78
was	110	199	160	240	207
the	96
second	154	102	223
most	196	176	222	289	193
expensive	227	262	379	179	252	179	327	300	206	284
painting	179	237	202	227	237	194	156	483	207	374
ever	364	83	163
sold.	174	147	230	356	165	420	260	147
That	256	144	432	177	163
must	219	187	282	299	260	228	271
mean	191	172	178	85	317	409	211
something.	236	361	234	129	250	458	188	399	269
So,	170	205	208	181	242
apart	205	77	202	202	304
from	290	61	181
the	90	220	108	164	171
millions	356	250	165	196	151	95	234	158
of	106
pounds	215	264	83	245	194	135	62	588	207	153
involved,	160	277	214	162	384	191	197	363
and	168	183
the	213	215	126	194	1031	172	211
reputation	254	350	197	284	229	217	381	185	156
of	210	177
our	261	94	307	205
best	182	293	201	155	235	85	136
art	159
historians,	172	279	188	144	208	305	78
critics	608	569	256	238	180
and	
academics	556	321	227	165	285	212	241
-	
in	81	263	136
what	199	223	225	171	105	72	184
way,	475	179	193	243	101
if	227	267	94
any,	76	254	235	345	237
does	129	183	157	175
it	245	215	160	195
matter?	175	145	147	14	95	131
If	143
the	148	152	405	181	146	155	193	209
most	208	192	54	157	51	354	205	98
educated	276	274	337	179	227	175	113	162	542
experts	388	185	280	183	53	220	479	147	571
can't	214	307	188	149	337	53	179	169
tell	172	186	188	207	154	188	413	350	186	247
for	171	101	173	163
certain	367	349	363	544	404	363	255	340	506
whether	182	234	90	157	168	210	488	216	209
or	197	240	64
not	250	211	175	214	158	223	220	109
the	140	180	177
thing's	177	177	65	108	204	470	259
a	147	207	191	91
Rubens,	267	188	63	328	191	234
why	272	208	100
should	282	335	356	191	304	56	206	195	425
we	342	355	71	229
art-proles	402	457	753	1288	251	1068	999	1176	968	1002
worry?	204	530	207	279	101	147	187	376	685
What	255	155	209	666
does	521	266	172	167	412	550	280	186	225
it	181	488	265	169
lack,	356	314	216	252	205	70	308	261
this	142	247	185	384	320	209
almost	646	250	339	208	215	143	216	63
perfect	364	87	180	294	98
copy,	288	356	55	155	343
or	212	271	169	369
fake,	141	193	220	137	799	204
or	172	97	243	156
homage,	319	446	481	423	260	366	222	271	532	233
or	326	269
brilliant	232	395	347	253	240	150	57	278	279	276
pupil's	253	340	287	225	224	175	281	203	416	248
effort?	244	348	264	298	205	259	92	86	196	263
What's	364	187	232	218	423	724	139	144	186
the	244	218	104	82
difference?	221	201	189	165	348	167	177
What's	229	210	192	293
the	231	169	63	231	70
difference,	163	150	286	122	90	283	141	370	227
indeed,	284	319	275	296	263	247	256	227
between	465	509	296	198	274	168
a	61
perfect	373	298	193	345	241	384	247	277	218	172
copy	175	175	220	229	162
and	196	354	136	180
its	225
original?	292	749	367	349	244	265	261	402
And	256	201	220	245	208
what	82	241	256	119
else	271	164	219	127	242
are	179	175	111	324
Monday	277	580	239	237	171	431
mornings	322	460	456	240	174	177	416	276
for	365	543	64
than	220	457	238	406	115	148
to	288	245	228	78	98	152	58	204	285
consider	157	954	383	226	149	246	86	312
the	269	298	143
nature	195	447	205	246	263	134	63	153
and	505	184	231	56	191
value	230	399	319	339	187
of	198	366	461
art?	186	195	182	206	115
First	177	484	244	145	301	485	236
it	384	143	172	167	271
must	229	230	195	207	254
be	188	116	142	125	290
said,	188	201	170	102	258	94	72	252	335	522
perfect	291	219	169	165	655	196	209	614
copies	242	372	188	113	243	232	267	252
of	181	223	107
oil	172	369	176	185	239	422	164	193	181
paintings	151	203	454	198	177	144	247	188	354
are	129	195	398
impossible.	381	333	331	235	276	495	368	235	456	597
Your	228	311	196	184	185	142
old	161	234	108	291
masters	277	244	729	189
are	207	401	212	192	190
just	173	102	234	455	455	296	173	293
too	363	253	271
peculiar.	537	279	405	687	218	417	223	453	421	877
I	181	423
don't	322	306	219	302	317	191	162
believe	339	386	76	173	259	142	181	176
much	295	109	635	604	244
about	391	271	416	147	215	298	523	489	188	215
art	287	621	171	69	319	240	364
but	173	249	228	193
I	146	281	234
do	450	179	93	73	142	167	241
believe	128	271	122	128
that.	272	237	120	117	197
It	231	225
became	260	461	224	216	240	717	259	402	202	219
clear	1071	204	122	151	273	58	188	167
for	177	202	207	172	216	103
me	174	280
at	254	216	394	173	197	178	271
a	163	238	127
Frick	418	736	516	143	120	287	448
exhibition	254	498	678	351	155	405	198	277	797
of	276	268	303	193
Rembrandt	173	345	394	507	188	331	476	387
self-	154	234	216	134	173
portraits.	223	394	155	104	200	429	155	186
We	229	89	291
were	296	290	248	193	188	57	458
kept	234	256	222	242	258	202	210	185
back	238	134	260	349	108	270	271
from	186	280	189	221	240	156
the	224	162	283	342	137
canvasses	259	475	445	319	228	222	339	283	321	310
by	180	125
a	327	155
red	388	316	235	316	292	318	396	151
rope	520	192	268	136	183
a	132	168
couple	170	57	328	128	409	365	188
of	84	107	174
feet	331	243	95
from	151	254	559
the	231	214
wall.	317	63	133	124
You	143	233	164
could	176	280	201	220	168	149	200	164	241
lean	191	185	215	352	376
in	226	162	157	156	209
and	201	345	228	175	206	84	292	419
inspect	177	286	229	234	221	201	57	347	243	71
the	265	126
paint	396	231	202	201	332	169
as	288	238	246	147
close	366	172	246	250	164	170
as	152	115	178	213	57	234
you	175	234	238	112	285
liked,	337	195	217	232	558	392	405	113
limited	221	333	445	369	151	332	226	173	145
only	280	199	146	135	135	365	180	146
by	242	126	206	115
the	206	251	180	282	172
length	173	212	351	233	394	267	209
of	314	114	76	178	239
your	211	205	229	284	169
nose.	217	395	270	238	270	500	69	190	355
And	247	256
in	316	244	242	378	346	245
doing	224	565	219	384	332	382	152
so,	155	187	260	146	153	216	114
something	182	171	135	183	200	164	187	410
very	199	227	78	147	155
odd	191	161	100	225	160
happened.	229	651	196	94	177	137	104	146	89
Rembrandt's	195	205	230	281	195	64	341	188	249
eye	253	173	135	120	177
which	224	219	336	227	387	396	246
had	585	161	220	184	192
been	188	296	333	362	383	160	204	173
so	308	132	321	162
eloquent,	240	364	527	345	184	227	63	177	356	751
so	163	239
real,	223	203	206	278	373	322	169	142	359
such	184	71	200	149	161	103
a	169	102
representation	110	397	177	202	472	158
of	104
a	147
real	196	212	207	365	361	185
eye,	270	479	159	143	159	267
disappeared	211	323	553	210	240	239	267	290	306	649
when	194	198	91	252	194
you	198	184	202	235	70	164
saw	245	119	243	132	205	206
it	149	78
from	245	347	181	199	216	247	186
four	548	200	263	215	196	211
inches	255	167	125	193	139	140	207
away.	179	122	523	155
It	245	276	215
only	285	246	91
reappeared	226	301	235	274	490	371	340	209
when	263	83	176	236
you	203	254	169	132
leant	433	380	122	272	269	162	169	181	352
back	304	370	126	224	200	253
an	164	151	91	390	141	210
inch	175	282	186	198	163	193	482	166	171
or	147	160	249
so.	193	109	358	116	78	314	155	357
You	82	246	229
leant	226	249	226	146	95	183	484	224	73
in	63	138	185	62
and	158	329	220	141	265	185
the	115	173	183
eye	75	226
exploded,	296	329	315	286	153	408	511
becoming	205	475	391	226	289	201	214
a	205	273	207	73
mess	177	169	116	201	244
of	161	355	178
specks,	189	211	347	448	311	351	64	249	228
slashes,	898	432	262	341	277	63	213	376
splashes,	571	221	445	542	261	246	139	220	795
splodges,	366	641	549	251	266	877	622	360
spiral	510	460	603	155	161	269
lines.	290	403	248	686	262	360	313	446	468	418
Its	241	77	375	137
components	192	229	226	252	222	447	432	378	372	981
were	324	209	111	138	207	155	380	163
chaotic.	95	71	456	393	233	122	668	387	299
You	235	97
leant	221	108	209	251	192	360	200	410	186	220
back	187	97	188	384	159	419	406	206	177
and	147	188
there	166	177	171	116	102	309	272	288	168	199
it	175	179
was,	166	241	139	200	229	139	204
harmonious	146	235	151	173	188	382	1135	186	237	475
and	181	146	89
full	200	177	125
of	458	59
meaning.	218	302	230	160	243	224	243	216	240
Well,	316	519	90	187	222	194
blank	235	225	636	343	243	207	326	495	395	201
despair	202	284	367	239	174	74	103	552	190	228
at	82
any	180	160	263	171	123	543	118	192	187
rate.	154	199	104	217	121	82	1238	157	278
There	165	163	220	212	243	160
are	205	433	95	258	200
more	126	136	89	207	178	325	83	229
fakeable	296	383	486	197	712	289
artists.	335	392	545	461	251	52	53	445	652	365
In	65	136	173
Orson	124	310	158	184	117	399	192	315	182	298
Welles's	255	363	272	355	144	366	181	878	238	140
film	334	283	200	304	251	306	233	168	242
F	
for	181	74	304	164	148	576	748	216	536
Fake,	334	375	297	402	143	340	522	234	222
we	229	366
saw	283	182	270	638	100	207	177	384
the	204	395
great	377	140	234	308	274	481	189
forger	95	286	373	329	279	190	198	135	128
Elmyr	633	103	155	244	63
de	168	88	143	188
Hory	287	271	118	252	281	518	302
at	592	146	110
the	208	178	62	191	389
easel.	300	271	599	314	436	294	247	420
Casually,	172	522	646	1507	230	88	307	452	92	210
in	210	140	151	301
half-a-dozen	258	394	993	991	228	354	306	541	322	454
brush	186	186	229	169	202	235	212	173	191
strokes,	200	143	209	198	289	277	81	230
he'd	215	190	180	188	185
make	292	136	153	253	159
a	272	204
Matisse	237	321	195	143	72	376	268	297
and	
then	204	186	324	269	150	57	148
throw	262	173	162	272	121	487	227	197
it	380	360	140
on	134	220	219	270
the	181	424	176	229	443	168	207
fire,	158	173	97	218	188	144	367	195
a	257	167
Chagall	352	175	208	394	214	505	218	513	271	225
and	118	80	270	330	175
throw	200	123	275	252	163	173	109	175
it	225	184	186
on	143	320
the	241	359	304	206	156
fire,	188	175	291	145	458	181
a	206	165	124
Picasso	214	426	195	314	311	214	572	117	248	193
and	165	119	249	146	306
throw	191	465	154	95	238	104	110	145	174
it	207	174
on	366
the	135	374	152	134	161	100	217	582	195	321
fire.	115	168	224	182	167	115
Acting	188	290	613	218	107	445	564	199	268
in	189	67	180
this	170	620	465	217	483	207	514	171	293
capacity,	165	99	325	222	361	218	227	275	205	188
de	144	127
Hory	172	471	259	139	374	178	381	204	491
was	104	147	285	247	216	192
a	176
marvellous	93	229	221	252	93	158	173
craftsman	212	477	238	296	263	194	472	132	194	312
rather	337	234	164	254	63	214	313	198	182
than	253	270	242
an	275	266	143	159	289	146	213
artist,	372	244	260	196	162	91	75	174	187
but	224	309	154
the	193	399	342	223	241	236	150	326
product,	203	248	337	219	201	214	350	649	228	150
what	381	236	195	192
was	183	347	222	212	235	289
that?	178	523	107	209	135	212	321	336	234	426
What	281	119	359	57	135	381	176
effect	227	237	141	280	183	142
would	229	165	82	262	240	182
de	184	163	458	178
Hory's	254	211	288	412	391	187	262
Chagalls	226	1067	100	203	275	354	129	497	213	406
have	297	88	594	307
had	171	161	152	238	165	196
on	104	131	94	193
gallery	177	212	407	245	205	219	175	229	218
experts,	217	411	352	323	131	327	286	424	104
on	150	71	180
connoisseurs,	370	510	349	244	455	482	499	542	338	300
on	227	176	518	1002
ravished	655	235	281	466	143	130
collectors?	429	586	225	386	178	255	66	196	964	137
In	172	266
what	239	199	230	231	246	181	449	287
way	218	242	126	143	199	132
would	202	181	254	194	180	143	516	127
the	178	79	192	293
quality	213	146	224	370	185	79	201	207	71
of	183
their	240	237	154	246	300	178	291	177
experience	421	410	175	201	130	345	418	366	353
be	61	72	136
different	100	134	191
from	174	196	183
that	208	167	175	238	231
provided	216	311	218	284	348	212	317
by	229	157
the	251	288	157	137	135	292	179
original?	262	171	334	193	151	55	239	193
All	185	201	280
the	291	207	131	214	80	225
aesthetes	629	463	358	612	197	1237	389	392
who've	750	298	586	775	410	1105	54	950	311
sat	256	416	527
in	415
front	216	325	54	88	267	285	225	249
of	143	110
Samson	236	661	182	167	231	251	229	202	698
and	221
Delilah	172	411	330	262	245	174	338	295	194
over	218	88	168
the	204	200	209	216	168	168
years,	186	318	144	135	145	137	343	95	187
working	227	255	191	158	368	207	263	165	227
themselves	134	257	178	189	141	147	284	120	197
up	190	188
into	160	147	460	262	351
a	213
lather	188	209	151
over	236	150	172	109
the	191	156	127	235	205	164
brushwork,	294	279	265	244	267	99	200	716	402	230
what	180	96	266	64	382
will	229	212	292	202	691	217	169	203
they	241	130	146	335	287
say	210	290	197	242	183	257
if	110	164	100	133	229	327
and	543	300	213	150	246
when	476	230	340	341	622	261	214	1100
Rubens	166	413	139	323	73	173	165	151	181
is	417	137
declared	165	468	174	168	209	184	330
innocent	195	341	137	242	175
of	243	55	138
the	133	167	271	207
painting?	225	357	392	460	218	198	102	422	524	375
They	276	174	97	420	187
who	236	178	328	237	172	160
have	206	238	135	152	231	585	362	193
been	423	142	215	189	179	266	152	307
moved,	200	353	170	252	257	53	505	356	198	267
who	112	225	96	189
claim	271	362	151	364	146	265	238	198
to	215	90	275
have	231	225	142	420	311	106
been	224	243	79	123
changed,	228	216	165	360
how	92	182
will	474	206	227	573	126	376	194
they	201	233	146
reconcile	185	469	365	306	205	354	378	832	368	256
their	209	62	104	242
new	217	200	317	233	550	371
state	462	354	124	207	195	188	264	288	264
to	152	146	439	271
this	160	274	135	150	101
betrayal?	307	454	212	221	56	227	267	415
Picasso	243	263	172	214	321	82	157	134
regularly	197	238	104	144	79	379
used	384	180	365	296
to	242	218	215	202
be	175	255	132
to	209	247	474	698	155	222
be	184	299	521	465	186	418
asked	208	216	284	270	280	314	239	140	138
to	176	385	121
authenticate	198	416	442	636	280	563	520	1190	195	460
works	205	386	184	226	392	205	289
that	130	391	178	331	288
were	177	315	182	176	304	378	96	96	175
sold	156	139	159	54	403	259	146
as	206	92	211	155	113	215	292
his.	194	720	182	170	465	126
He	359	488	91	498	87	326	241
always	559	214	494	286	163	169	193	292
refused	415	699	377	299	231	287	232	229
('There	263	425	115	56	149	548	195	208
are	225	73	287	176	140
too	234	153	337	211	216	215	306
many	470	268	163	577	243	162	264	345	175	182
Picassos	337	564	751	725	717	91	181	164	243
around,'	407	200	350	616	330	304	203	171	210	229
he	199	298
said.	406	192	567	158	218	101	137
'It	186	298	128
depresses	421	301	590	322	672	225	436
the	152	150	670	594	159
price.')	659	223	147	354	533	248
One	187	229	165
time,	259	221	388	680	243	237	772	424
he	140	53
was	203	404	296	380	745	187	211
told	209	196	170	976	223	188
the	160	122	386	156
piece	276	171	277	596	173	177	284
he'd	136	316	61
condemned	242	476	448	347	653	301	497	97
as	164	205	266	183
a	90	286
fake	203	324	381	240
was	198	259	217
indeed	231	587	262	183	400	164	334
from	202	328	142	134
his	145	74	129	132
own	444	105	118	188
hand.	211	139	485	243	88	245
'Sometimes	178	784	175	179	353	209	219	448	191
I	229	119	218	212
fake	265	282	273	140	297	609	333
Picassos,'	654	395	742	455	510	447	656	346	188
he	256	157	586
said.	343	214	221	167	54	442	228	442
That's	518	438	157	201	194	235	230	176
an	63	132	144
interesting	158	428	207	294	141	190	138	719	98
idea.	264	131	169	117	185
When	224	148	109	121
he	134	184	152	226	207
imitates	194	429	363	254	527	251	92	388	686
his	228	198	257	188
own	205	182	164	82	551	315	336	173	342
mannerisms,	189	544	371	446	483	194	532	747	306	265
he	455	182
fakes	298	131	257	316	239	243	367	178	465
himself.	170	201	222	300	106	87	425	588	480	271
Yes,	203	149	183	161	174	196
there	637	153	299	239	126	166	231	460
is	172	213
something	126	105	57	165	275	181	100
in	262
a	
masterpiece	336	310	226	213	289	386	380
that	166	212	799	245
speaks	178	492	267	199	240	373
to	170	75	126	168
us	97	467	207
across	433	387	252	240	671	161	150
the	247	295
generations.	247	392	219	126	786	386	430
The	135	212	169	69	217
second-	438	106	149	227	366
rate,	281	346	412	361	211	404	922	182
or	342	73	207	162	141
the	202	87	264	154
third-rate,	285	447	325	260	108	337	470	351	360	545
the	98	228	466
brilliant	205	230	193	235	173	404	97	244	409	385
copies	183	309	139	149	178	178	76	178	184
and	169
the	195	157	138	256	243	197	171	151
awful	211	158	167	248	229	262	216	183	187
fakes	388	210	147	219	121	641	193	169	200
reveal	183	288	107	104	66	243	603	184	211	144
themselves	127	261	82	217	342	244
in	
time.	186	320	90	199	214	99	93	387	226	301
A	
Madonna	254	763	314	230	252	326	117	298	206	209
and	124	182
child	229	377	222	223	232	340	341	225	214
forgery	343	293	415	293	185	245	708	181	303
from	198	183	253	168	260	152
the	210	154	221	235	175	127
1920s	250	196	297	170	215	165	205	151	243
became	152	176	208	187	222	199	204
obvious,	296	240	191	192	75	210	253	369	338	158
quite	177	198	162	764	168	180	181	206
suddenly,	203	120	204	115	166	135	205
50	131	215
years	232	358	248	221	364	236	159
afterwards,	278	402	188	220	156	154	237	151	357	278
when	254	165
the	99	202	198	188	94	242	181	200
similarity	190	526	203	173	197	228	231	229	197	198
between	233	284	207	225	236	243	185	198	158
the	304	129
Madonna	212	213	162	133	155	172	260	167	279	195
and	92	298	98	151
Clara	448	372	216	352	277	496	231
Bow	428	468	191	170	265	167	164
was	244	198	462	126	173	135
observed	364	293	247	225	202	365	228
for	217	188	133	219	177
the	164	197	290	239	168	374
first	370	402	247	116	202	104	197	377	245
time.	240	180	233	190
It	224	433	212
is	119	158	247	245	215	282
one	164	51	271	323	175	275
of	160	192
those	169	170	70	346	277	159
media	263	287	219	196	184	99	180	181
friendly	194	217	229	594	130	222	243	208	161	468
terms	109	381	414	168	86	258	243	263
that	187	392	160	499	175	155	227
covers	310	181	794	365	95	192	177	185
up	280	239	64
a	80	177	186	147	154
multitude.	753	225	148	1023	297	391	237	966	364	356
Alcohol-	163	250	239	288	190	289	81	211	189	350
related	193	345	376	239	218
illnesses.	204	205	156	166	163	110	175	230	297
This	255	160	180	173
week	192	182	211	167	207	184
we	217	91	224	191	157
were	226	192	318	177	173
told	174	146	192	318	199	208
that	300	165	185	250	191	96	153
these	217	277	134	315	213	261	182	188
illnesses	226	146	224	210	179	271	159	234
are	243	224	80	450	309	185	103
in	166	216	140
danger	129	218	57	132	84	177	256	197	145
of	263	119
destroying	301	189	227
the	186	177	147
NHS	246	251	193	193	148	88	259	288
and	165	83	176
are	158	170	176	56	159
responsible	408	151	374	230	184	212	315	381	330
for	159	128	91
33,000	446	231	168	279	428	378	461	136	476
deaths	252	185	184	264	212	270	72	395	181	217
every	167	168	104	113	192	258	212
year,	239	255	165	145	164	118	87
and	86	156	230	223
that	202	127	140	134
eight	264	326	287
out	173	187	205	65
of	188	208	59	190	235
10	152	75	206	206
people	313	176	442	615	393
attending	170	243	210	222	243	159	296	525	566	230
emergency	202	332	223	239	274	92	294	439	238
units	173	211	214	376	466	199
have	231	578	141	111	124	178	376
alcohol	244	177	233	184	371	177	502	293
related	162	245	169	218	167	175	314	187
injuries.	234	172	133	165	65	270	338	359	182	54
In	255	336	485
a	110
society	319	167	166	247
that	191	216	325
encourages	226	459	174	71	140	1106	287	365
us	679
to	189	225	96
escape	176	586	168	201	242	814	217
pain	261	296	134	167	337	224
rather	213	175	252	331	541	211	417
than	206	135	348
face	187	224	198	265	242	207	208
it,	132	146	104
alcohol	181	88	163	167	373	752	295
is	340	270	150
the	206	188	390	210	210	161	218	155
favourite	189	200	172	70	236	146	254	305	179	192
anaesthetic.	209	487	388	464	229	170	295	298	369	312
Yet	221	139	327
alcohol	177	224	301	239	124	316	80	160	206	403
related	196	471	241	137	221	495	248	506	175	191
illnesses	207	70	166	229	359	195	224	279	206	218
doesn't	258	149	155	159	171	207	174	236
have	158	132	275	129	214
the	206	195	183	191	183	217	216
'oh	282	229	107	191	55	320	276
my	181	396
god',	150	260
scare-you-witless,	355	641	597	560	394	503	344	636	718	906
let's-find-a-cure-fast	346	1077	667	742	555	817	810	1272	520	684
resonance	300	566	469	193	173	190	380	726	175	686
of	271	264
a	280
word	147	291	229	249	68	219	355
such	195	206	193	79	89	119	160	520	65
as	127	148	187
cancer	383	294	168	312	213	223
or	
leukaemia,	746	260	491	324	216	122	622	333	264
nor	167	78	186
is	210	430	148	492	104	149
it	180	171	87	158	391	172	103
loaded	172	249	159	476	265	171	61	347	236	375
with	67	177
dread	228	443	375	277	195	112	337	355	240
like	269	215	154	258	167
the	238	229	76
phrase	244	310	201	195	334	156	332	172	123	178
sexually	170	102	149	86	188	442	308
transmitted	213	234	73	118	239	183	167	191
disease.	221	162	226	105	87	368	104	261
How	240
many	399	353	188	520	222	159	316	192	231
people	162	168	134	460	375	162	205	183
hear	524	171	172	113
alcohol-related	383	342	588	910	348	391	748	572	180	438
illness	162	451	121	127	146	153	307	188
and	148	111	252	221
think	197	398	153	207	185	88	170	149
of	168	152
a	88	261
sick	316	327	756	195
head	229	251	337	301	245	198
in	103
the	246	433	163	188	174	82
morning,	201	172	132	195	205	565	323	583
a	289
transitory	393	496	203	347	241	397	251	53	186	414
discomfort	259	647	361	433	296	200	147	246	402
that	242	428	370	177
will	184	179	496	237	229	144	170	214	192
be	612
gone	246	748	318	88	226	91
by	313	141	211	466	189
afternoon?	264	449	333	421	239	298	317	662	353	231
Before	284	376	198	155	202
I	169	244	346	334
get	208	157	197
going,	210	413	361	465	137	240	67	595	183	169
let	163	157	205	297	202
me	186	203	125	230	52	266	165	235
enter	198	223	163	142	479	94	157
an	1043	336	92	167
all	177	171	167	1029	471
too	172	107	214	154	206	119	296	166	236
important	183	221	239	146	272	495	294
caveat:	224	520	367	229	263	401	195	230
I	232
am	223	144
not	195	192	119	292	177
remotely	274	183	171	161	61	423	88	344
anti-booze.	407	502	455	347	298	402	510	204	629	538
God	218	236	99
bless	472	361	325	365	501	137	150	274	338
good	186	188	183	67	385	158	188
wine	185	648	171	215	239	301	231	345
and	277	146	219	161	60	212	284	131
beer	219	204	217	177	178	147	307	245
and	187	180	205	213
whiskey,	299	107	485	296	210	177	216	416	219	78
'beakers	201	394	321	140	281	411
full	197	195	204	203	62	238
of	285
the	222	130	163	91	255
warm	132	296	332	88	249	195	176	54	232
south	512	155	233	204	477	170	677	571
with	416	471	200	370	76	282
beaded	416	481	512	870	452	491	910	611	770
bubbles	203	338	272	196	351	203	124	173	192	212
winking	301	167	237	227	509	235	259	441
at	188	158
the	224	303	229	126	375	267	207
brim	265	178	174	97	270	182	333
and	288	240	235	252	252
purple	218	201	180	57	769	70
stained	206	159	161	76	400
mouth'	329	201	166	247	245	194
etc.	193	169	342	196	370	168
Or	226	142	326	98	328	303
as	226	256
Flann	500	331	204	109	650	194	349
O'Brien's	167	287	230	344	1396	200	287	511
'poet	210	174	710	198
of	439	240	141	201	256	257
the	181	159	181	130
people'	422	308	197	167	267	89	405	151
put	52	268	156	218
it	178	315	220
when	324	122	207	196	152	151
eulogising	767	463	939	557	812	198	666
Guinness	196	614	404	219	360	418	148	235	536
stout	246	193	364	609	205	233
in	309	244	355	327
the	290	409	195	263	108
comic	246	127	314	494	191	244
masterpiece	290	1185	714	214	1396	968	212	394
At	304	377	359	314	150
Swim	293	242	173	282	344	275	293	230
Two	331	254	113	459	280	284	347	278
Birds:	513	209	647	242	321	345	469	185	69
'When	498	124	281	570	755	450	183
food	372	193	151	347
is	339	163	420	157	51
scarce	509	109	217	330	681	150	506	331
and	220	215	99	420	562	169	424
your	141	153	130	193	194	104	188
larder	344	187	190	203	567	751	308	202	247
bare,	436	552	497	201	127	123	167	340	246
and	52	224	305
no	184	143	246	298
rashers	246	423	239	327	302	249	273	566	372	636
grease	291	217	210	277	236	285	301	166	147
your	275	453	157	127	72	92	301	174	167
pan...	305	198	202	162	234	188	408
a	196
pint	272	153	365	519
of	273	230	265	67	65	287	234
plain	452	304	388	120	288	101
is	120	321	559
your	193	216	270	878	583	466	830
only	514	169	207	315	119	522	669	276
man.'	292	128	378	293	371	138	233
If	211	180
you	289	164	434	240	120	378	264
can	193	244	371	234	350	265	415
drink	372	85	131	273	162	144	222
and	146	222	179	101	202
not	405	421	181	126	255	235
succumb	96	511	151	186	205	188	89	457
to	108	183
one	182	212	269	269	323	58
of	154
those	175	197	154	117	164	237	113
mysterious	138	190	231	189	164
alcohol-related	178	619	440	210	368	355	146	196	288
illnesses,	104	230	81	414	115	95	458	288
the	207	202	134	170
best	214	204	51	246	221	79
of	159
luck	313	221	106	230	251	178	298	121
to	332
you.	213	147	237	195
But	88	139	219	124
if	188	349	209	185
you	145	63	120	188	189
are	205	181	114	126	206
one	177	69
of	63	245
those	255	164	386
whom	259	138	150	435
booze	277	188	131	177	262	133	82
seduces	207	264	227	376	325	346	315	239	580
and	248
then	311	67	323	158	95	310
betrays,	464	194	275	261	111	355	219	781
if	187	151	243
you	245	192	204	133	230	221
spend	229	188	178	185	267	196
your	201	171	169	321	128
days	56	154	53	151	100	108	283	232
and	60	111	122	172
nights	64	122	206
chasing	250	268	177	272	113	51	174
the	157	178	127
warm	241	191	192	251	335	134
rainbow,	277	325	222	174	669	422	229
then	238	320	394	81	102	144
this	196	141	112	207	141	218
week's	241	224	186	211	62	461	529	215
news	469	527	142	500	197
should	287	467	240	628	154	574	109
be	166	269	134	257
very	171	197	349	374	363
scary	155	567	176	119	234	340	109
indeed.	317	269	224	272	264	128	215	136
Are	156	88	156	270
you	175	227	60	222	102
the	202	271	445	219
one	239	129	184	243	215
in	187	192	199	133	357	168	189
company	191	177	382	208	182	180	53	346	187
who	171	147	109	216	168	230
is	206	100	180	221
watching	180	339	187	263	239	236	561	324	415
the	202	202	396
wine	264	186	118	208	150	181	202
bottle	116	182	149	110	70	213	153	108
and	203	169	143	142	155
wondering	231	154	156
whether	95	162	152	89	240	707
the	184	157	219
others	257	203	211	202	142	365	201	539
will	394	285	133	101	169	213
think	197	211	368	653	289	200	231
it	436	273	285	381
odd	209	172	63	309	472	228
if	153	283
you	210	205	151	152	206	169	135
order	124	122	249	303	188	170	356
another	257	224	196	212	200	186	248	331	197	310
and	162	127	158
then	173	91	188	97
saying	161	96	198
to	160	168
hell	176	284	66	252	148
with	202	268	170	162	229	59	238	201
what	155	200	208	261	133	72	231
they	203	215	152	341	336
think?	208	194	324	60	302	603	188	365
Or	149	223	132	118	199
the	210	189	166	109	197
one	233	247	190
who	280	143	417	208	339
sees	125	153	233	501	206
a	258	169
friend	209	169	164	322	257	376	762
leaving	274	168	263	174	243	204	255
a	97
glass	163	251	85
of	250
wine	181	202	89	69
unfinished	279	415	259	220	164	228	355	67	356
and	335	158
wonders	210	347	221	227	289	307	158	245
what	176	191	251
in	175	178	236
God's	177	192	119	168	119	107	320
name	294	154	95	185	198	65	232	107
is	290
wrong	261	145	173	170	290
with	202	160	218	118	147	160	148
them?	243	326
Maybe	234	166	157	177	272
you	182	170	364	104
are	84	290
the	221	169	103	162	365	278
guy	190	177	236	199
who	141	146	180	302	240
wakes	230	191	422	140	96	198
up	243	166	108	200
and	218	174	381	598	277	163	98
for	428	490	248
a	209	307	189	77
few	266	616	277	160
terrifying	445	590	199	363	215	727	768	186
minutes	178	280	211	226	460
has	493	217	216
no	241	267	415	160
earthly	235	178	350	372	171	171	1065	145
idea	115	184	158	347	246
where	201	419	511	162	242	114	577	178	366
he	143	152	113	150
is	204	250
or	191	396	385	201	172
what	267	291	160	382	312	205	193	188	218
he	262	99	197
did	168	236	184	242	260	166	193
last	204	232	90	181	120	63	181	267
night,	185	374	158	99	206	146	175	188
or	163	135	179
the	203	229	275	243	165	227
woman	180	172	176	146	79	104	114	51	175
who	195	158	240	179	112
rolls	161	73	300	202
over	99	249	218	172	112	175
and	222	193
looks	144	283	154
into	153	224	142	87	186
the	190	217	184
face	229	138	190	152	285	163	176
of	181	275	160
a	236
stranger	155	248	190	293	217	120	182	199	175
and	118	206
wonders	178	176	154	219	218	217	89	179
if	261	208	225
she	140	207	168	227
will	192	374	141	299	202
be	283	109	398
able	208	221	134	278	140
to	206	174	216	95	183
get	59	107	309	96	68
up	150
and	212
get	148
dressed	239	169	92	209	145	230
and	139
escape	235	284	203	235	217	256	150	226
before	166	175	166	110	166	235	107
they	266	272	162	453	233	175	183
wake.	195	469	194	147	99	144
And	348	181	177	94	365	164	253
if	199	83	96	238	100	149
you	183	119	265	213	163
have	192	171	165	90	188	349	180	55	165
known	250	162	224	166	128
that	223	134	199	251	246	215	94
morning	209	469	345	138	154	403	235
where	512	279	362	188	166
nothing	488	546	200	259	240
lifts	363	355	421	339	430	304	142	205
you	260	138	441	121	66	410
-	376	454
not	229	263	363
beer	302	171	96	220	361	434	314	208
or	96	155	420
wine	269	435	315	156	163
or	286	130	70	250
whiskey	211	206	365	134	555	334	295	246	238
-	126	255	191
then	334	215	381	204	230
alcohol-related	327	197	383	341	380	270	141	298	257	69
illness	209	158	318	277	268
is	164	438	248	106
already	209	404	257	307	67	206
with	156	139	285	65	310	186
you.	274	245	166	186	179	161	215
It's	55	171	247	251	297	167
screwing	204	260	66	273	565	121	208	791
with	172	188	53	82	240
your	248	189	302	230	277	176	191
head	177	138	146	251	172	81
and	
in	244	205	163
time	183	183	202	255	268
will	389	361	145	168	552	299
get	280	71
around	335	174	312	404	153	215	232	178
to	207	102	195
your	198	168	348	207	111	277	414	149	136
body.	191	79	180	259	191	179
That	178	215	162	623	338	164
poor	172	352	159	248	370	233	319	118
body.	217	191	175	163	469	169	428
There's	242	186	267	88	394	365	417	172	602
no	313	183	165	279	135
end	254	178	192	185	191	198
of	139	318	136
misery	309	214	134	419	251	113	447	239	192
that	270	187	261	352	302
alcohol	149	189	252	152	166	181	152	175
can	252	285	177
bring.	215	71	144
Liver,	166	335	181	129	208	159	352	382
pancreas,	248	329	269	259	238	316	117	320	235
heart,	288	308	227	256	120	322	395	193	462
bowel	200	232	277	195	359	275	162	177	152
slowly	215	274	238	216	261	213	422	292	179	234
poisoned	173	178	135	204	212	55	413	267	173	239
to	276	229
death.	170	53	287	268	188	227	367	549	116	148
That's	150	196	126	118	197	182	162
usually	263	227	210	115	250	316
well	250	224	193	345	408
under	406	247	242	214	383	133	222	345	195
way	258	193	180	72	193	225	288	168
before	196	90	188	115	148	296	346	200
the	137	225
exterior	229	438	213	223	402	305	304	246	160
starts	209	309	254	258	324	185	215	159
falling	303	145	296	149	231	523	185	184
apart:	212	205	226	134	240	140
before	288	387	276	399	629	163
pissing	307	169	187	135	410
blood	247	475	120
and	223	260	279	170
the	428	159	97
yellow	243	146	81	182	330
pallor	168	593	273	341	233	386	401	567	266
and	183	62
parchment	265	523	167	312	281	143	261	161	235
skin;	167	71	179	172	348	244
before	397	224	530	268	245	559	181	265
the	229	238	221	579	130	195
amputated	175	474	190	458	223	443	438	312	141
leg	303	196	414
or	236	166	184	229
the	176
body	267	281
immobilised	339	369	277	206	270
by	167
a	
stroke;	163	555	216	383	287	341	203
before	187	211	208	180	137	185	146
the	294	194	108
brain	261	209	187	154	235
reduced	160	385	245	198	179	220	172	199
to	206	189
mush	342	361	413	231	269	80	328
from	102	235
all	208	303	214	192	244	119
those	268	225	260	163	378
tides	259	328	156	442	301	225	290	513	252
of	263	401	349
booze	214	85	104	171	221	319	242	209	316
washing	167	290	102	178	128	248	294	265	183	198
over	259	243	285	168
it	220	175	214	189
down	160	266	179	112	393	433	158
the	209	162	138	163	166
years.	131	167	160	206	100	181	115	159	201
I	
have	155	256	198	182	239	240	243	134	190	206
been	191	205	322	341	297	226
to	229	141	144	300
the	168	56
funerals	68	322	224	138	159	308	211	201	110	392
of	167	180
many	94	198	74
friends	266	143	132	164	134	164
who	69
have	150	235	168	222	270	121	204
fallen	194	155	274	187	190	163	184	361
into	160	163	206	92	204
alcoholic	161	348	200	217	177	120	368	412	229	199
death.	252	166	238	57	168	178	176	232
It	259
is	190	108	306	224	51
never,	249	157	482	379	569	171	243	443
ever	184	232	244	330
an	188	228	250	189	239	252	458	269
easy	632	169	195	248	100	188
death.	467	218	262
Scrub	248	357	190	542	280	562	316	150	308
from	210	172	448	68	814	229
your	229	273	89	115	58	212
mind	196	187	168	180	198	301	198	215
forever	242	385	231	188	506	292	178	182
the	87	180
notion	188	199	260	184	104	165	324
of	123	73
a	148	183	174	217
romantic	176	183	306	240	344	114	218	360
drunkard's	204	456	212	290	229	553	543	266	134
death,	131	279	97	178	302	871	213
disregard	367	247	140	909
every	310	179	330	148	155	187
admiring	233	308	228	212	242	165	83	525	220	175
profile	207	387	222	208	208	313	281	234	414
you	200	273	169
read	423	135	75	159	149	176
of	399	158	160
the	166	200	192	507
rebellious	222	448	188	777	207	224	339	355	189	348
drunken	197	279	134	469	267	206	108	275	240	243
singer/poet.	373	576	237	549	296	340	616	622	369	517
I	77
read	230	315	64	707	237
that	177	60	233
rubbish	332	311	220	244	563	83	289
and	239	52	113
think	163	276	250	248	221	538	175	177	162
of	95
a	358	211	153	85
man	190	279	157	228
who	90	184	216	121	249
choked	188	335	146	236	248	77	398	136	179
to	72	218	245
death	163	362	202	282	182	155	169	320
on	209	201
his	233	228	165
own	270	192	71	223	227	249	129	213
vomit,	414	260	144	120	433	227	61	169
a	182	80	205	106	138
man	381	334	226	239	291
who	238	152	87	198	219	317
died	205	86	193	91	218	173	174
of	158	161	218	185
heart	174	180	218	77	189	193	257
failure	185	165	81	419	370	212	177	378	195	186
and	173	66
wasn't	219	180	112	164	277	303	210	185	231
found	202	178	198	350	163	331	184	179
for	340	74	133	165	306
a	163	146	245	206	194	182
week,	126	80	122	211	173	140
the	257	116	185
beautiful	195	395	94	246	250	163	306	251	184	411
woman	163	196	108	64	95	259	156	104
with	215	97	172	198
an	169	114
angel's	283	124	187	288	253	257
voice	193	363	247	238	201	198	138	252	198
found	342	189	360	221	475	188
bloated	154	180	191	468	273	62	296	328	297	364
and	209	189	150
poisoned	206	212	250	343	278	165	217	161	253	292
on	181	107	548
her	141	283	176	150	385	224	398
kitchen	419	181	189	139	251	143	172	167	310
floor,	304	172	74	179	126	169	255	181	185
a	
man	373	190
who	455	132	150	455	191
died	146	141	82	366	209	226
far	225	207	432	114	331	200
from	188	217	300	186	167	274	106	193
those	209	184	168	57	345	270	187
he	146	75	167
loved	199	490	192	268	235	104	196	160
in	345	110	206	173
a	155
small	191	195	158	230	295	209	154	175	221	240
room	206	69	125	126	144
in	164	159	220	245	185	145
a	215
town	443	147	309	225	145	337	188	209	216
where	195	219	100	188	148	168	168
nobody	222	394	119	196	227	73	195	175	272
knew	294	97	128	226
him.	263	185	148	278	226
Every	156	437	180	132	202	281	92
one	190	590	222	367	187	85
of	224	230	121	185
them	187	441	462	79	403	430
left	193	161	194	184	145	331
people	243	264	286	108	157	255	79	198	68	177
behind	280	232	185	147	174	209	173	166
burdened	198	473	244	185	249	94	331	384	228	430
with	156	283	247	123	63
the	182	169	373	100	179	161
question:	233	372	150	131	224	123	290	108	184
why?	183	140	129	137	115	233	191
Alcohol-related	220	606	323	198	174	61	368	79	225	364
illnesses.	155	254	163	141	159	598	120	412	196
If	178
you	206	214	232	218	174	437	190
have	183	439	169	175	214
ever	234	177	145	166	220
visited	225	279	298	152	142	380	489	348	244
a	118
hospital	222	312	171	187	227	243	231	152	179
for	227	209	175
alcoholics	426	613	518	354	333	583	350	426	285
on	226	520	346	707	230
a	108	385	187	159	146
weekend	195	372	179	277	140	360	207	244
when	124	256	238	51	183	341	193	91
the	200	138	344	240
kids	316	137	173	204	75	163	195
are	244	241	128	209
visiting,	260	342	297	241	145	223	373	302	369
you'll	223	281	153	195	150	369	227	280	174	236
have	244	115	226	191	269
seen	130	154	181	224	220	162	199
the	182	251	141	179
illness	172	181	146	224	230	107	243	306	156	166
in	183	300	88	235
its	109	126	75	253
saddest	196	196	127	297	183
and	189	165
most	188	212	229	139	54	263	198	232
cruel	219	261	128	220	241	302	254
form.	186	122	70	179	88	194
Take	185	229	129	127	197	109	235
a	233	281	287	280	113
lawn	203	188	333	63	356	334	299
full	260	568	242	106	148	185	226	213
of	162	107	361	283
drunks	174	295	223	266	135	166	315	254	166	237
and	128	178
their	268	404	159	231	291	88	497	283	202	208
families	175	210	170	168	105	190	161	118	349
and	109	122	99
contemplate	195	134	275	117	131	101
the	82
fact	209	238	212	87	113	184	281
that	191	241	395
at	143	209	358	171	220
best	356	213	136	229	190	459	206	153
only	272	284	337	223	290	200	200	212	305
a	246	103	221
quarter	273	232	188	259	157	169	214	189	201
will	284	332	108	236	217	119
recover	234	230	466	343	315	118	382	230	202	339
from	75	63
alcoholism.	341	335	363	160	167	163	208	796	206	428
Regard	319	154	200	297	207	700	416	243
every	426	252	66	433	384	246	84	221	650
alcohol-related	168	698	455	330	418	408	798	239	372	432
illness	173	350	182	196	364	128	185	370	123	132
as	247
a	169	443
huge	463	150	270	148	319	186	226
stone	285	308	332	233	188	520	225	220	184
cast	374	175	253	232	207	292	200
into	240	519	155	229	114	247	204
a	199	191	208
small	209	213	233	163	319	270	186
pond,	231	222	149	75	217	162
as	265	102	242	155
a	93
family	276	147	169	97	101
broken	259	300	190	317	290	101	231	160
and	195	121	416	156	157
bewildered,	270	503	528	309	197	88	428	165	190	250
made	426	170	141	273	253
sick	220	480	141	192	233	725	216	269
too	264	208	316	475	201	176
by	367	287	602	357	464	148	169	197
the	217	226	347	236	146
disease	224	439	195	345	309	384	325	187	517
in	361
its	203	500	377	182
midst.	382	565	396	289	209	202	526	505
I	148	131
agree	352	140	300	196	134	254	235
with	233	156	139	97	202	78	67	638	225	254
Alcohol	196	189	122	146	192	299	174	237
Concern;	323	263	334	295	182	372	257	371	283
there	223	236	208	234	383	149	193	173
is	191	243	317	158	175
no	169	207	241
bigger	338	177	148	390	213	235	178	368
health	209	159	214	210	394	173	224	223	209
crisis	202	130	164	208	183	356	187	183
facing	278	726	208	285	103	288	211	208	199
Britain.	175	249	95	188	175	244	438	134	334	416
Yet	97	155	88	221	126	377	145
we	191	182	251
remain	223	215	188	200	365
curiously	266	340	265	193	400	471	277	238	249
indifferent	177	265	135	241	122	116	108	282	229	450
to	100
the	198	198	273	180	185
damage	248	249	157	328	134	163	220	184	188
done	244	148	313	292
to	121	194	102	221	315
family	216	426	114	226	170	130	334	241	207	205
life	227	156	206	139
and	158	158	92	179	137	221
the	100	148	80	169	117
immense	241	153	403
burden	373	203	255	190	240	177
being	168	300	165	225	380	310
placed	180	98	150	229	204
on	186	249	187	183
the	179	218	158	200	191
health	224	195	256	60	537	174	220
service.	169	170	178	208	188	273	169	243
Ask	179	268	158	190	188	248	645	351	162
any	312	423	222	241
recovering	364	601	62	447	193	219	202	458	349
alcoholic	257	303	214	441	154	241	339	202
and	168	89	129	1049
they	159	277	191	70	128
gladly	194	202	181	114	494	144	199
accept	226	258	246	209	487	218	220
that	269	164	192	165	355
responsibility	380	168	184	349	222	189	267	806	304	252
for	278	176	185	183
their	172	160	216	341	243	929	222
sobriety	272	1188	203	188	152	202	322	811	164	257
is	148	361
theirs	530	129	261	343	291	80	77	189	194
alone.	149	175	220	353	191	194
But	236	316	228
that	374	129	258	575	219
is	181	324
the	191	157	230	137
rationale	198	244	213	253	211	352
of	221	250	145
a	200	180	66	232
person	337	133	52	351	59	723	209
who	173	242	106	415	82
has	496	215	213	214	70	148	313
made	134	238
the	186	187	223	166	118	218	224
first	226	188	196	313	203
vital	278	808	191	285	300
step	313	208	67	192	203	441	220	200
towards	175	522	176	689	373	262
recognising	365	272	423	322	271	495	268	468
that	138	297
a	203	119	206
problem	220	196	301	241	247	260	347	170
exists.	331	170	197	338	85	154	190	288
The	64	185	152
first	197	386	215	201	189	114	294	406	192	186
obstacle	190	434	200	121	236	227	198	308
is	276	187	145
the	181	68	181	259
chronic	172	418	152	114	220	278	233	338	368	225
denial	144	99	125	143	205	118	166
around	160	415	170	308	234	371
alcoholic	131	287	146	209	689	186	320	340	227
illness.	171	175	198	94	259	234	221
It	282	252
is	262	136	154	314
everywhere	181	322	375	243	506	384	598	370	415
around	183	189	206	267	415	255	306	166	211
us,	231	170	136	245
the	337	85	124
elephant	151	180	185	210	228	198	231	203	191
in	59	432	95
the	107	116	218
sitting	301	265	214	167
room	306	153	157	80	204
we	209	219	200	190	188	100	178	160
refuse	210	266	251	228	468	315	312	177
to	123	59	119
acknowledge.	208	252	119	337	108	294	217	502	304	177
Hardly	257	248	199	209	238	221	390	212	210
a	198	252
family	249	275	197	206	171	154	77	187	196
in	244	164	187
the	184	160	177	84	214	185	210
land	83	183	229	81	179	175
is	146	258	168
unaffected	147	141	188	313	143	438	420	757	158	281
by	195	76
the	118	202
problem	265	99	59	208
-	
most	191	282	198	206	114
people	210	202	202	133	223	162	56	75	236	201
know	308	185	139	171	115	85	162	122
a	71	67	149
cousin	176	274	207	193	165	146	286	458	201	359
or	143	180
a	181	200	180
friend	183	326	68	171	236	244	179	209
who	217	66
battles	406	196	181	240	199	87	258	261	194	219
with	192	184	168	194
booze	191	259	169	351	405	57	217
-	277
yet	183	72	106	112
there	159	74	336	58	57	53
was	250	125	206	240	93	128
a	168
sense	163	165	218	194	300	264	189	210
of	174	178	137
shock	326	203	211	211	225	146	245	69
when	154	241	19	231	391	289	187
this	367	170	212	229	606	180	211
week's	238	194	189	612	215	182	193
statistics	211	392	366	307	221	282	683	243	189	197
were	261	140	170	166
unveiled.	157	410	352	427	210	191	792	351	432	535
It	128	354	201
is	431	192	408	183	267
difficult	242	159	276	220	321	517	346	253	172
for	229	97	204	56	163
families	205	328	132	140	226	304	233	430	204	271
to	150
face	224	188	263	111	163	194
up	199	403	231	199	165	148
to	173	169	85	260	346
the	161	156	155
issue	191	210	81	144	253	202	317	200	212
in	127	350
a	172	114	243	170	135
society	229	253	204	170	238	63	63	152	318	230
that	171	181	60	146	134	271
is	136	165	243	243
awash	159	331	104	344	205	259	161	186
with	180	211	85	263	154
denial.	172	369	212
Booze	203	278	206	241
is	302	202	261	272	203
embedded	303	215	226	237	345	122	249	309	261
in	169
our	164	132	218	486	191
national	187	392	230	269	231	401	282	440	202	392
rituals,	177	225	221	245	196	118	281	466	253	261
the	200
socially	230	229	307	374	422	479	635	428	565
acceptable	151	186	245	109	514	118	479	426	469
drug.	418	167	197	879	245
Far	268	268	273
easier	190	214	152	134	517	536	245	189
to	284	142	237	148
rave	207	349	400	135	302	273
on	205	134	395	351
about	183	148	330	74	233	90	416	328
heroin	203	236	377	322	285	383
and	260	223	229	332	241
junkies	175	213	226	119	114	218	260	189
than	90	78	174	211
to	228	173	195	174	206	204	191
face	164	152	120	199	256	106
alcohol	135	248	211	185	149	386	279	176
addiction.	168	182	203	97	253	183
Popular	172	216	222	132	175	191	108	289
culture	558	279	327	236	325	356	170	343	306
celebrates	507	332	285	162	94	737	657	408	452
drunkenness	342	274	432	296	167	119	289	428	406	273
(for	183	320	81	102	102
a	198	146	204
good	250	245	160	178	64	249	186	175
example	203	367	149	162	140	113	379	273
of	158	276	174
what	172	153	243	192	175
I	165	76	212
mean,	207
witness	299	356	214	211	380	526	217	391
the	233	97	213
moronic	388	309	370	267	232	482	599	301	229
behaviour	250	170	279	217	218	75	440	174	279
trotted	437	207	247	243	359	238	308	133	244	316
out	216	258	159	302	166
on	206	317	96	215	200	179
ITV's	171	204	220	139	220	200	245	112	194	633
Holiday	429	419	178	390	505	387	342	202	276
Reps	314	138	247	413	77	274	327	304
programme	463	529	525	386	137	345	474	455	450	295
each	201	344	225	184	211	147	320
week).	276	326	127	130	142	105	306	283
We	
ban	169	196	152	154	208	136	180	406
cigarette	223	541	567	324	286	368	253	446	302	1219
advertising	181	165	212	234	267	278	297	797	335	635
from	78	449
television	222	389	235	244	207	339	346	292
but	214	186	123
allow	176	386	75	288	245	206
the	285	121	131
continued	167	234	350	317	196	189	202	230	196
flogging	251	278	175	503	248
of	
booze.	163	155	281	199	169	373	254	221
We	232	304
have	239	248	243	189
high-alcohol	676	317	336	591	443	315	311	598	585	585
drinks	200	865	204	161	177	246	237	185	184
cynically	494	488	395	605	188	521	378	434	219	574
aimed	246	270	193	135	74	452	315
at	219	369	248
the	98	175	220	180	114
most	161	336	183	147	133	87	161
vulnerable	146	212	117	212	87
-	213
I	
mean	218	211	63	79
imagine	420	491	386	159	181	116	75	78	366	243
the	187	281	157
marketing	463	342	243	285	286	215	264	230	195
strategy	505	353	243	218	245	75	230	168
behind	283	211	183	281	216	156	341	352
Special	377	433	327	313	381	373	236	550	167
Brew.	252	242	122	173	287	177	304
Just	332	144	251	191	68	58	370
who	217	218
is	403
the	217	148	86	196	293	239
target	63	207	188	226	174
market?	286	238	119	218	201	226	68	378
I	183
can	324	86	181
think	227	225	332	312	354	194	244
of	201	214
two	333	115	274
immediate	189	275	369	159	125	133	303	383	170
candidates:	269	351	182	229	108	271	272	294	282
the	188	195	217	183
young	218	170	220	73	111	168
and	112	56	78	63	194	191	114
the	244	126
poor	257
with	203	144	133
little	387	255	166	179	217	251	210
money	256	267	164	138	62	368	183
who	194	211	180	500
want	176	244	262	222	175	182
to	295	172	171
get	203	190	58	234	188
pissed	195	204	69	125	223	146	185	161	185
fast,	210	243	245	197	241	217	224
and	145	182	337	202
the	213	225	177	185	252	95	140
alcoholic	659	334	154	233	774	695	455	85
chasing	253	205	416	158	108	212
oblivion.	633	496	501	463	335	313	374	677	268	410
When	470	110	355
victims	361	467	346	441	324	666	89	422	736	200
of	302	181
alcohol	166	322	190	361	165	170	114	180	430
abuse	281	194	319	700	466	94	215
get	166	546	161	209	213	238	63	151	180	192
sick	189	143	73	215	88	192	180
they	197	161	146	247	282	502	184	224
find	240	243	281	205	187	154	188
a	181	163	177
medical	192	229	140	253	118	344	364
system	136	148	203	76	151	318
woefully	133	187	150	201	378	121	174
ill	171	244	231	80	364
equipped	458	429	392	174	373	415	395	176
to	258	199
deal	249	199	151	249	189	134	133	175
with	232	67	103	75	239	315
the	240	151	115
crisis.	297	221	227	220	166	680	457	201	247
Alcohol	243	191	194	270	155	214	101	456
Concern	382	171	252	173	219	79	293	256
carried	181	475	218	217	488	308	210	249
out	119	288	146	165	275
a	146
survey	203	181	211	112	238	145	71
last	216	234	192	160	244
August	201	320	207	157	104	372	109	271
that	183	133
found	182	318	191	248	196	176	250	157	210
that	142	387	251
71	230	118	212	205	184	153
per	166	189	162	166	159
cent	266	241	69	167	176	193
of	83	176
doctors	233	216	202	217	470	313	305	344
and	167	261	121	190
nurses	190	170	237	159	171
interviewed	146	347	182	220	142	246	127	427
felt	271	212
they	211	156
had	234	146	170	214	82
insufficient	253	613	426	205	236	221	341	310	236	298
information	167	339	200	218	170	229	170	209	236	97
to	193	229	143
help	146	219	167	86	55
dependent	212	925	494	329	148	349	533	631	257	353
drinkers.	267	550	280	277	267	427	174	188	196
You	168	52	57	288
might	243	357	487
imagine	58	221	267	212	155	434
that,	117	130	144	101
with	212	172	78	250
alcohol	1111	240	242	271	318	219	282	213	227
costing	393	395	219	358	313	225	333	336	97
the	474	301	164	367	206
NHS	216	245	204	177	335
3bn	599	291	259	698	198	362	426	193	485
a	294	75	54	275	87	273	152
year,	134	114	172	210	174	341	415	214
politicians	767	200	207	151	473	319	190	692
might	307	505	252
express	225	394	153	312	248	216	337	652	298	354
a	55	65
sense	179	301	51	217	209	53	247	211
of	187	188	182
urgency.	193	307	344	198	98	94	156	251	296
But	109	188	184	390
like	277	103	175	598	301	409	174
the	191	126	152	119	243	229
rest	378	196	217	102	114	153	155	137
of	231	316	168
us	188	150	202	256	180
they	535	99	173	486	192	293	207	209
are	206	181	138	172	418
cocooned	271	531	547	651	306	418	405	454	208	433
in	294	501	252
denial.	338	478	369	550	139	80	332	298	101
This	323	189	155
isn't	180	169	148	232	176	372
a	199
crisis	550	358	194	219	168	340	172	328	554
that	185	110	247
can	269	234	140	164	253	231	179
be	171	152	78	112	176	185
solved	219	259	70	205	226	199	70	209	174	321
with	154	68	302	299	183
drugs.	194	72	105	331	91	110	175	104
They	202	63	113	420	165
can	160	446	311	196	195
help	193	398	146	70	301	298	261	114
you	116	204	387	176	198
out	147	163	89	168	202	316	249
of	83	95	287
detox,	424	241	81	370	127
but	184	76	195	255
meaningful	416	379	281	208	147	107	202	230	376
treatment	242	289	199	219	178	211	266	243	232	312
depends	244	269	199	377	257	149	264	242	209	187
on	146	116
skilled	216	257	229	217	239	216	438	194	229
counsellors.	364	242	169	282	137	325	310	182	255	345
Right	230	173	184	103
now	166	265	193	118	230	782	176	188
we	69	110	119	137	312
have	203	153	226	114	191	89
a	
chronic	173	268	124	213	150	257
shortage	279	334	234	235	104	67	214	361	726
of	252	165	172	213
hospital	190	258	192	160	265	145	273	185	218	448
places	193	179	235	230	217	251	81
for	218	258	281
those	217	169	265	115	164	333	187	117
suffering	166	325	160	220	263	70	65	280	194	142
from	54	142	389	171	116
alcoholic	188	175	226	103	168	456	119	215	152
illnesses.	140	147	130	271
We	145	73
dry	212	280	67
out	194	224	230	332	316	427
the	211	184	212	86
drunks	227	414	205	287	399
and	148	303	210	90	181
put	195	322	437
them	194	160	181	236	231
back	154	166	101	257	69	53
on	187	138	305	306	145
the	252	101	198
street	171	76	245	270	141	204	168	173
and	235	202	128
they	116	314	223	510	210	134
come	383	245	168
back	334	281	327	221	141	160	301	188
again	216	212	169	53	383	310	171	221
and	273
again.	160	208	242	182	102	159	279	221	216
Many	174	71
find	180	332	188	184	173	352	303	142	201	273
their	104	315	157	321	207	102	196
way	217	145	52	188	188	202
into	209	203	171	410
the	168	244	155	163	144	219
criminal	268	272	208	271	150	206	123	203	202
justice	313	273	185	174	120	368	467	245
system.	203	183	105	98	146
Not	143	194	223	162
just	143	212	135
the	153	150	322
street	194	191	241	158	280	234	272	227
drunks	179	467	305	285	164	457	260
banged	205	191	271	191	216	182	168
away	188	196	243	217	385	206	401	201
for	152	224	253
being	179	242	199	131	268	250	375	224
drunk	309	215	80	157	233	163
and	217	56	239	178	228
disorderly,	202	335	146	270	209	128	168	166	186
but	179	208	108
also	197	210	174	158	277	246
the	88	154	232	134
businessmen	301	171	129	334
and	208
women	253	213	138	54
hauled	169	270	516	246	137	146	476
off	372	203	291
to	236	190	171	181	199
the	175	156	208	201
cells	198	204	297	187	252	116	232
because	147	247	159	224	183	57	243	158
they've	245	56	156	201	56
trashed	218	227	170	135	471	269	199
the	306	189	278	370
house	212	118	105	144	210
or	96	218
committed	365	120	116
an	279
assault,	360	315	229	264	198	109	222	152	295
the	169	371	367	169
man	167	172	202	185	179
who	149	272	68	188	212	191	52	195
kills	387	160	178	138	71	76	198	214
in	184	182	243
the	299	157	272
middle	226	195	79	304	354	135	89	372	101
of	149
a	176	195
blackout.	332	277	326	226	299	291	357	504
I	124	94
normally	116	65	291	219	368	258	109
rush	218	316	285	156
for	415	197	191	57
the	358	163
door	175	187	167	694	211	224	112
when	186	243	190	238	267
I	189	93	169	71	197
hear	181	222	176	493	179
a	166	223
politician	194	442	196	224	430	371	1122	588	294
or	122	197	107
civil	279	182	181	205	301	260	69	174
servant	232	234	193	190	432	152
droning	393	248	286	195	506	213	520	167
on	545	260	178
about	280	165	202	244	368	305
'co-ordinated	435	309	440	247	267	780	845	970	751
strategy'.	517	329	430	286	154	697	352	502	725
But	192	88	195
the	137	156	243	85	743
scale	179	195	207	621	209	219	204
of	190
damage	220	283	191	210	221	166	219	698
being	187	215	239	248	541	180	352
done	184	174	495
by	200	361
alcohol-	330	303	139	177	103	82	445	439
related	190	176	272	188	101	231
illness	209	188	130	348	56	149	83	181
demands	220	520	226	104	169	272	241	156	245
action	277	175	156	293	358	239	236
across	207	287	115	365	388	240	187	201	141
the	183	219	200
widest	81	183	243	328	179	267	286
range	244	329	131	163	218	624	132	280
of	236	137	243	209
areas.	245	241	131	221	206	180	343	63
It	99	283	207	194	252
means	180	253	167	151	126
a	265	248
huge	97	465	128
increase	197	171	166	86	214	172
in	226	75
funding	243	228	240	236	338	267	523
for	217	331	258
alcoholism	349	221	365	206	305	320	402	872	194
treatment	361	229	297	285	203	756	326	266	405
and	196	88	220
research	277	281	245	253	255	354	419	277	224	732
and	237	161
a	
willingness	488	203	355	262	240	439	327	243	164	310
on	131
the	97	148	326	52
part	106
of	187	72
political	379	222	251	180	70	420	247
leaders	196	251	175	270	177	309	104	273	265
and	171
the	207	558	272	229	286
media	280	178	201	202	79
to	399	182	737	199
end	170	330	389
the	172	233	64	289
denial.	201	502	84	275	201	463	379
We	125
must	274	324	305	150	319	302
talk	388	89	152	126
about	246	83
this	270	201
stuff	240	152	212	293	184
that	180	156	850
kills	457	111	193	211	239	350
so	99	759
many,	173	248	71	474	292	151	174	271
bring	476	356	235	185
the	620	107	216	221
healthcare	285	220	450	328	256	440	402	1009
professionals,	271	565	370	174	213	405	1330	333
the	430	179	104	197
criminal	260	581	186	343	439	243	272	358	217
justice	289	107	136	77	206	135	288
system,	169	167	187	159	146	226	263	303	196	192
the	197
media	192	206	287	125	323	64	185	209	196
and	228	151	243	210	99
the	189	91
drinks	188	319	213	308	331	103	373	218	213	185
industry	223	263	228	160	319	191	479	162	294
into	464	146	499	90
a	143	97
public	390	311	251	240	132	241	230	326
debate.	56	207	144	277	219	238	590	119
To	151	256
the	131
millions	179	134	215	287	220	184	189
caught	260	169	364	269	155	192	158
in	206	297
the	196	113	210	207
middle	192	165	275	189	503	226	163	207
of	191	215
this	185	151	189
nightmare,	244	508	265	299	233	311	176	215	208
something	197	194	228	231	204	269	436	208	329
better	154	255	205	147	158	375	223
is	175	163	195
owed	169	618	196	133	223
than	204
the	121	201
present	192	227	606	186	267	243	390	262	170	383
dishonest	356	307	561	632	169	358	489	280	188	533
shambles.	243	190	210	225	398	172	297
