When	197	251	202	191	143	186	295
I	157	153	222	163
was	174	93	184	196
about	167	311	140	171	119	188	181	382
20,	187	108	189	187	181	166
I	141	106	168	427	150	165
worked	254	215	250	192	209	190	196	393
in	108	209
an	201	252	76	191	146
office.	230	200	170	286	127	153	305	134	175
Every	287	200	205	195	182	209	181	238
morning	179	257	278	163	117	105	142	226	125
there	198	286	172	169	190	219	219	146	196
would	159	112	143	189	202	104
be	162	187	160	223	194	127
that	126	125	182	86
little	153	249	203	180	110
joke,	159	211	153	86	391
where	303	224	352	352	198
anyone	223	272	157	162	690	305	190	186
who	131	170	242	175
arrived	177	442	215	349	248	409	207	353	221
five	182	168	84	233
minutes	188	279	262	363	89	214
late	227	132	287	204
would	236	297	191	412	257	183	402	190
say	159	259	182	188	373	271
'Morning'	168	558	447	312	300	187	358	112	138
and	66	171	82	248	321
everyone	105	167	62	148	120	201	141	264	305
would	151	227	195	91	214
call	159	210	164	618	262	291
back	331	607	137	210	75	213	175	177
'Afternoon'.	383	256	607	497	182	161	360	792	370	237
The	195	175
next	97	179	151	432	202	180	99
joke	366	94	167	216	253	461	174	187
would	183	146	222	270	385	211	208
come	207	109	123	318	242	181	154	168
at	193	169	204	129	128	260
about	227	294	398	238	147	686	229	112	197	63
11,	66	106	298	238
when	219
the	204	70	206	138
boss	103	195	69	67	194
would	165	177	120	130	245	542
take	190	143	222	184
his	360	204	178	181	215	197	182
coffee	430	164	245	356	177	303	177
cup	99	155	123	167
across	226	202	434	481	219	349	350	515	222
to	285	210	244
the	246	172	215	274	175
sink	176	218	162	186	435	186	175
to	170	322	191	178
rinse	248	291	227	292	311	129	301	194	105
it	120	268	71	222
out.	93	196	70	426	108	366
Every	185	146	358
day	218	158	157	303	170	155
he'd	188	139	262
say,	229	199	328	388	205	357	193	241	194
'Just	212	139
going	340	254	246	278	236	190	492	220	226
off	208	236	440
to	128	192	472	109
wash	183	216	349	344	233	146	399	169	246
my	197	96
thing	204	424	1041	353	198	178	290	233	257	167
-	243
ha	295	139
ha	280	483	196	260	295
ha.'	130	281	354	183	281	188
And	181	838	404	174
every	308	318	378	350	361	760	357
day	306	425	421	328	258
I	348	51	207
wished	278	211	178	301	199	172
I	97	160
had	261	215	182	210	248
the	146	141	268	106
guts	272	456	148	231	160	183	204	198	240
to	169	284
wait	191	190	151	184	173	112	191	94	215
five	168	111	254	336	171	152	174
minutes,	164	290	142	237	191	80	159	347	285	76
say	142	189	204
'Just	218	537	157	201	181	236	73	190	148
going	294	78	248	201	125	259	229	172	81
off	205	311	154	160	145	214	176
to	239	190	180	280	175
wash	170	86	85	92	262	133
my	54	188	157
thing,'	401	77	647	192	193	167
then	405	532	167	229	157
walk	196	341	396	167	283	167	271
to	251	209	183	161
the	371	155	271	149
sink,	232	371	310	337	248
get	327	190	91	178	221
my	704	176	207	164
knob	256	295	191	261	411	239	228	173
out	192	422	146	145
and	186	253	179	165	189	149
scrub	350	320	389	198	157	223	153	382	109
it	206	305
with	162	129	322	187	225	375	195
a	219	249
dishcloth.	331	404	245	366	115	624	203	167	321	232
Like	594	204	165
most	480	272	320	179	66	195
office	257	354	312	621	264	151
workers,	281	146	386	244	250	138	285	389	457
I	189	161
never	312	229	198	128	602	179	196
had	235	249	342	192	185
any	289	200	243	215	197	180	198
idea	186	219	169	158	202	107
of	173	214	235
the	211	115	168	186	238
purpose	238	201	235	135	182	336	607	229	199
of	211	233	235	295
my	182	187	54	159
office,	116	107	161	74	241	686	91	154
though	173	226	205	712	185
the	161	144	177
supervisor	356	252	214	343	462	256
does	288	130	421	185	368
his	257	191	169	191
best	232	130	164	321	389
to	271	180
make	252	231	245	431	472	312	246
out	268	230	577	398
the	176	171	186
job	186	227	315	59
is	204	176	199
extremely	201	405	296	90	336	759	142
important	251	188	197	200	264	216
when	64	110	216
you	190	252	242
first	325	324	180	127	125
get	260	73	63	161	193
there.	505	499	350	337	263
'Well	184	54	215	209	80	325
it's	205	206	217	120	260	68	292
a	259	517	53
pleasure	173	187	378	199	176	257	218
to	207	202
have	247	501	257	269	190	170
you	691	159	356	91
with	211	277	269	133	355	441
us	228	207	501	303	587
as	493	523	319	385
a	542	131	134
vital	218	150	470
part	333	195	472	160	229
of	158	163	206
the	218	171	206	188	238	248
team.	100	163	203	146	149	211
You'll	394	175	162	218	102	212
be	171	168	183
sitting	187	308	284	219	187	291	385	340	185	227
here,	302	177	200	80	199	215	181	194
with	216	414	191	137	155	145	296
Harold,	201	215	294	375	188	357	491	165	229	113
and	176
every	439	388	160	261	209	428	245	214	175	198
morning	456	77	164	169	136	128	375	152	150	217
the	332	75	101	143	95
newspapers	208	274	74	205	119	258
will	209
be	217	216	85	212
delivered	315	397	181	231	347	284	158	261	197
to	253	248
your	200	186	203	182	178	192	161
desk	190	123	63	293	212	171
here.	151	259	416	199	169
Now	249	163	65	159	219
your	235	224	378	494	245	181	419
job	256	216	674	200
is	170	205	166	107	79	156	149
to	196	218	268
go	165	200	179	233	163
through	163	424	109	174	138	370	126	175	88
all	237	188
those	204	97	210
newspapers,	182	191	103	182	107	302	53	190
one	237	189
by	233	320	112
one,	183	178	419	370	313	193	210	173
very	242	146	139	105	203	239
carefully	428	69	310	214	229	198	192	174
indeed,	222	271	148	193	190	218	298	244	62	216
and	258	200
colour	138	199	485	274	217	161	335	518	571	111
in	238	356	141	154	192
the	150	649	218	269	220	317	422
Os.	116	221	200	438	327
Be	299	184	72
very	271	273
careful	353	439	281	137	203	234
not	62	72	212	239
to	622
do	188	189	517	171	219
the	191	393	208	420
noughts	339	342	373	260	201
in	407	189
the	311	307
sports	846	405	225	680	256	207	173
pages,	416	160	385	157	176
and	691	299	194	196
when	226	169	236	218	90
you've	101	391	71	294	314	170
finished,	262	250	205	182	220	176
hand	1132	175	405	167	226
them	204	337	167
across	461	152	313	176	58	186	143
to	198	141
Harold	398	280	228	228	184	412
for	144
authorisation.'	884	388	1093	219	624	424	218
And	496
poor	797	499	550	492	374	159
Harold,	516	370	183	624	384	272
who's	182	325	172	169	203	154	162
been	218	265	174	174	299
there	187	556	156	238	186	66	206	58	199
54	158	248	258
years,	196	208	173	131	184	162	328	207	245	131
will	223	99	190
say,	159	211	175	229	175	188	139	205	69
'Cor	261	150	185	195	152	148	146
blimey,	228	188	160	382	258	1103	185	185	252	348
it's	191	304	95	178	713	182	204
like	222	197	144	278	195	255	166
a	149	110
madhouse	188	621	276	356	229	378	379	243	228	190
in	187	171	93
here	316	209	189	161	257	222	192
sometimes.	191	218	51	181	201
We	224
were	244	163	240	229	186	211	202
in	198	216	217	457	169
here	261	259	302	594	178	297	199	351	236
until	414	358	168	292	104	202	555	171	155
20	191	105	63	246
past	218	178	244	186	146	258	233	295	229
seven	429	493	206	360	145	514	166	289
one	368	218	414	188
night,	444	400	266	275	177	221	279	183	229	192
you	322	242	191	214	137
know.	163	397	128	141	181	369	365	326
The	229	192	200	102
evening	372	197	242	173	286	584	245	171
newspaper	185	528	134	261	231
had	511	189	180	157
a	182	244	441	174
big	397	211	151
article	276	982	131	208	282	667	607	554	313	184
about	254	238	217	238	185
Yoko	238	225	343	256	272	171	217	172	184	209
Ono	259	564	88	258	199	371	178	170
going	1285	189	566	160	148	179	179
up	798	211	166	213	194	214	206
the	341	242	229	750	176	113
Orinoco,	599	1155	784	1056	267	175	675	304	584
you	328	370	266	283	305
see.'	75	254	331	594	397	405
Recently,	300	239	320	295	89	196
for	107	176	271	166
the	177	245	195	188	185
first	212	245	175	127	146	238	191
time	114	362	199	133	186
since,	628	497	491	316	105	192	200
I've	408	273	181	188
been	218	393	409	279	191
commuting	270	343	272	491	344	219	105	200
to	136	158	171
an	278	186	342	447	323	221
office	517	213	143	99	231	280	182	318
again,	208	606	188	354	149	140	145	133
and	117	268	189	141
I	
realise	192	169
that	117	211
I'd	163	61	160
forgotten	305	184	212	81	210	166
the	
most	224	189	234	272	163	281
important	166	180	192	167	150	155
aspect	176	195	72	235	190
of	
the	209	273
whole	230	232	286	244	190
business.	360	227	216	308	150	205	473
It	307	320
starts	570	405	229	246	189	571	187
with	116	450	154	169	135
getting	929	208	140	170	115	249	381	191
the	120	190	194	208	172	109
train,	751	136	156	248	296	294	172	400	172	166
which	178	234	99	189	133	190	191	177
has	166	254	149	79	189
been	414	175	214	240	137	218	254
at	214	111	217	161	174
least	378	289	196	171	239	223	154	174
10	191	183	241	131	188	176	257
minutes	328	167	69	67	156	180	147	240
late	481	85	175	286	356	327
every	382	187	89	291	252	243	148	257	87
day	104	268	107	144	216	244
except	246	250	202	156
once.	147	237	445	313
But	297	157	189	150
a	278	326	204	211	248
new	162	110	342	240
trick	201	399	107	222	168	234	166	187	188
has	158	217	101	130	170
been	258	146	248	179	215
added.	154	217	178	239	167	258	243	215	176
At	244	99
London	273	427	201	224	287	226	359	212	152
Victoria,	145	405	262	117	170	57	148	102	379
the	232	169
Underground	227	361	214	55	193	56	305	241	540
gets	233	243
so	227	195
crowded	274	320	295	227	198	157	183	210	185
that	188	166	222
a	229	162
giant	247	232	173	507	193	237	187	314	183	240
yellow	297	194	274	166	303	229	191	169	203
light	96	260	194	322	68	346	81	66
flashes	200	132	196	242	366	276	366	265	211
and	309	119	217
a	325
siren	293	229	436	332	86	313	371	193
wails	473	235	267	164
with	203	141	486	259	180	233
the	131	291	204	233
sort	189	99
of	150	360
noise	149	183	191	131	189
you'd	236	229	120	259
expect	286	104	219	251	211	164	193	164
to	114	246	186
hear	186	188	243	180
if	209	198	150	239	107	170	219
aliens	170	342	162	464	275	258
invaded.	177	253	169	257	110	193	295	452	344	706
Then	192	113	60
a	198	254	149	205
huge	258	329	257	116	180	267	219	195	184
metal	229	196	161	376	278	212	332	265	194	172
shutter	174	267	158	308	169	166	387
is	343	195	72
drawn	217	231	130	236
across	146	195	256	188
the	171	172	103	198
entrance	221	337	205	164	202	398
to	
stop	216	175	231	217
anyone	217	164	175	292	211	257	104	184	410
getting	441	82	168	237	174	76	233	194	432
in,	113	242	61	192	147
for	253	195	427	255
up	285	226	176	328
to	53	241	185	175	97
20	168	904	241
minutes,	276	314	171	188	549	306	486	577
and	389	94	179
a	182	185	183
crowd	147	301	169	150	357	187	203	333
of	172	283	79	235
several	182	220	164	239	275	217	286
hundred	300	248	172	328	207	373	108	199	121	191
builds	295	329	187	538	87	453	383	265
up.	122	162	175	197
One	83
morning	235	218	207	289	473	214	314	86	183	246
someone	242	238	363	188	194	153	354	271	175
lost	244	223	509	198	382	411	188
it,	377	129	153	196	186	276
as	167	235	198	218	135	263
if	93	146	543	274	246
it	103	63
was	258	135	54
a	
trench	280	199	213	265	79	144	205
in	253	103
the	202	174	375	86
First	229	188	157	199	314	266	217	245
World	229	97	187	188
War,	159	60	110	51	173	166	180
and	189
yelled	247	331	168	152	205	663	288
'That's	172	348	193	187	298	178	288	158	103
it,	220	151	106	198	136	175
I'm	223	92	473	305	259	156
going	180	654	175	138	196	138	317	225	193	179
in!'	178	194	104	155	140	158	206	133
and	225	553
squeezed	266	172	123	234	260	109	329	170
round	189	195	404	153	216	97
the	191	263	199	57	185
gap	193	294	395	164	368	150
to	179	198	313	146	93	239
charge	166	170	448	217	235	217	196
through	198	224	306	182	299	398	128
a	262	121	196
line	195	225	187	315	188	195	417	178
of	225	191	57
security	219	181	189	56	228	79	308	232	222	430
guards	101	354	216	134	168	271	133
and	103	202	216
make	201	95	196	181	244	148
a	
break	93	218	113	318	270
for	176	83	159
it.	103	129
It	133	281
felt	528	233	261	210
like	268	239	130	201	383	197	197
the	220	145	174	275	162	183
rest	157	202	185	225	148	226
of	57	111	223
us	225	249	204
should	191	178	214	140	206	169	245	509	171
shout,	173	244	184	197	184	361	59	200	305	171
'Oh	353	194	181	226
my	173	295	90	52	367	157
God,	58	171	121	192	311
Tommy's	269	159	182	313	212	130	170
cracked,'	501	221	342	203	461	336	196	202	394
and	
'The	185	181	188	212	285	302	176	196
fool,	359	154	140	267	297	170	329	191
he's	190	108	162
going	190	297	203	264	228	205	438	176	285
over	176	183	275	311	220	155
the	245	218	142	195	182	118
top!'	208	98	156	218	180	242
Instead	232	336	234	695	275	195	588	188	186
it	242	233
was	202	255	299	266	141	185	218	57
more	239	476	205	378	758	266
like	183	282	198	153	150
Invasion	222	276	303	191	218	365	479	370	228	457
of	64	141
the	200	139	66
Body	202	149	276	293	252	221	110	147	213
Snatchers,	443	548	201	203	158	246	364	182	334
with	220	188
the	251	166	236	192	170
rest	164	280	148	281	188	175
of	201	153	160
us	183	160	193
thinking	153	179	199	179	254	288	257	205	251
'Don't	201	112	181	149	241	121	114	236	67
fight	273	119	115	174	296
it.	190	205	174
Be	169	348	173
like	286	273	375	379	825	222	99	146
us	231	166	317	326
and	188	211	158	230
accept	315	499	202	135	158	185	128	281	380	192
it,	249	115	73	199
then	363	344	353	128	124	182	181
there's	588	309	428	498	226	684	140	547	189	180
no	212	284	205	408	382	330	111	151
more	162	227	376	375	148	191	310	202	229
pain,	350	114	169	121	524
just	454	183	221	136	334	408	155
a	
numbness	212	272	160	200	95	260	225	229	332
that's	160	446	195	197	307	216	325	158	238	104
quite	270
pleasant	280	263	176	115	201	223	143	164
once	192	274	229	186	195	83
you're	226	221	99	210	361	209	386	393	360
used	195	235	190	67	168	311	167
to	181	53	151	231	72	334
it.'	142	166	123
And	273	221	104
that	582	174	138	320	554	72	363
way	449	248	72	197	231
you	278	197	164	214	163	120	174	207
become	349	114	211	120	399	286	188	104
a	323	99
commuter,	199	156	191	586	451	389	170
each	118	111	203
day's	247	197	186	268	114	72	276
journey	273	287	279	230	166	262	369
indistinguishable	483	369	234	1176	230	380	659	589	407	444
from	208	182	208	282	216
the	170	208	265	174	51	60
next,	180	222	144	271	90	200	199
so	211
that	171	206	171	218	182	192	208
you	119	56	232	211	185	208	231
notice	173	237	163	244	152	94	678	213	184	142
the	69	71	240	77	114
tiniest	349	634	156	247	313
differences.	314	313	529	287	226	406	93	162	277	282
'Aha',	181	214	229	327	251	179	448
I	205	165
thought	562	489	404	260	99	289	163	290
one	210	187	166	323
day,	453	164	243	389
'I	272	65	175	103
must	198	217	471	632	196
be	63	150	290	114	185
slightly	360	469	302	756	245	231	339	332	294
later	186	357	243	334	241
than	342	90	338	118	369	323	237	265
yesterday,	211	411	214	138	256	187	339	156	266	229
because	267	150	192	223	191	178	215
the	174	166	278	139	197
busker	226	471	204	233	288	87	212	209	406
is	216	268	500
at	222	284	225	436	340	245
the	284	188	162	209	146	173	212	733
end	154	386	192	271	143
of	162	96	157	179	173	162
'Hotel	219	634	171	428	157	199	283	190	168	229
California'	195	159	82	294	186	251	355	219	172	252
whereas	301	526	499	132	357	139	367	397	216
most	95	63	130	228	123	245
days	229
she's	395	179	399	513	171	359
only	224	173	293	193	475	328	616	143
just	200	110	325	137	190	254	252
started.'	556	373	352	81	124	434	369	609
But	560	1448	151
some	206	291	247	335	148	594	503	199	181
things	213	213	181	699	216	303	126	473	849
are	230	232	192	200	78	86
different	198	59	425	414	302	123	178	432	210	453
from	232	291	244	403
before.	421	273	212	135	374	303	399	510	221	245
To	64	104	110	225	155
get	141	208
into	317	83	98
this	231	310	151	141	210
office	247	235	310	171	376	69	225
involves	104	327	199	243	244	217	182	351	177
a	241
series	302	181	390	267	195	190	166	130
of	199	794	185	187
checks,	204	227	216	214	60	261	225
guards	197	225	231	284	265	459	353	216	349
and	390	197
airport-style	775	735	496	355	509	500	656	442	334
bag	73	167	165	216
searches	260	240	219
that	305	214	87
make	173	226	257
you	219	256	225	167	233
wonder	236	387	189	168	153	322	209	236
whether	207	240	146	179	159	306	247	193
you've	190	96	203	157	80	229
come	193	204	124	171	228	186
to	167	188	191
an	257	75	88
underground	451	478	190	359	188	282	419	142	205
military	238	155	192	138	272	433	64	64
centre	416	240	221
to	311
work	237	188	196	225
on	195	139	174	213
a	249	296	324	145
secret	254	234	295	191	328	173
spaceship.	245	340	315	161	510	87	384	476
I	
saw	496	554
someone	222	690	197	275	340	646	183	227
who'd	259	441	749	215	59	329
worked	219	364	508	243	259	445	192	370
there	293	259	456	96	295
10	110	263	175	184	243
years	145	492	269	198	199	227	172
being	447	133	200	171	189	180
searched	220	207	242	277	166	309	101	195	295
'to	152	207
see	268	348	227	226	243	348	195	178
if	169	165	163	53	296
they	169	148	180	169
were	266	89	289	165	102	229	142	209
carrying	583	316	156	185	144	187	259	190	357
any	296	66	156	218	71	178
forks',	156	409	104	369	299	226	246	189	358
because	209	164	264	286	291	117	180	191	254
'we	143	265	72	184
have	164	193	146	252	219
to	119	236	97	363	200	106
be	136	51	133
careful	228	157	165	187	196	121
since	161	264	197	289	268	238	159	279
11	186	159	267	180	243
September.'	469	411	129	352	79	200	268	507
Because	387	497	213	279	166	235	71	227	202	215
you	203	276	345
can't	387	227	107	237	107	421	425	356
be	191	167	186
sure	258	231	266	135	271	245	221
that	92	79	140	315	229	103
a	148
middle	158	149	184	183	376	239	387	326	211	229
manager	392	115	138	78	306	204	236	106	230
hasn't	145	181	206	126	58	319	232
been	242	119
playing	202	179	153	228	179	270	483	167	476
a	213
long	352	188	110	201	240	146	175	227
game,	291	333	140	333	445
slowly	339	180	182	317	351	199	483
getting	190	271	380	229	200	254	179	214	264
themselves	189	272	162	141	231	157	273	139	168	188
promoted	171	233	212	62	192	206	616	186	333	330
to	207	124	196
reach	164	417	84	183	220	587	164	270
a	188	110	301
position	216	236	114	145	149	100
where	285	184	150	227	193
they	63	158	64
could	163	177	175	175	203	124	179	206	184
run	167	170
amok	189	231	147	385	256	245	275	187	253
with	325	83	211	149	135	391	213
a	
fork	229	243	81	257	204	158	133	205	169
in	330	177
revenge	204	403	199	268	245	174	365	382	372	194
for	209	155	269
the	247	210	177	221
Israeli	109	348	114	95	192	201	315
occupation	216	72	173	148	160	227
of	251	530
the	172	148	145
West	307	221	361	200	401	166
Bank.	231	70	123	371	255	204
Not	268	163	498
only	172	158	312	173	376	186	104
that,	251	217	109	181	418	304	220	232
but	291	167	205	153	148	232	164
in	224	311	257	166	262
order	281	294	139	126	238	393	473	201	150
to	208	272	92	183
repeat	556	177	402	344	313	174	669	285	206
the	162	329	219	172	154	183	206	188
havoc	370	194	536	310	165	172
of	202	429	188	122
11	187	184	180	404
September,	150	355	54	165	379	176	150	319	431
this	288	357	180	250
unlikely	499	127	677	198	147	726	500	297	171	512
operative	534	212	751	284	296	683	613	218	177	216
of	230	206
the	165	251	317	201	227	202	211
Berkshire	691	421	271	331	299	141	339	108	343	408
faction	229	327	241	236	255	188	104	205	194	539
of	262	698	76	286	798
al-Qa'ida	598	922	332	333	408	535	860	577	469	685
would	89	401	206	378	75	207
need	118	311
to	397	260	191	285	242
have	158	382	153	141	207	181
perfected	216	249	308	212	184	307	241	265	190	365
the	179
technique	235	480	332	188	220	299	404	353	200	285
of	
getting	464	314	195	236	220	188	117	215	180	272
offices	801	365	250	416	503	221	297	158	183	396
to	488	220
fly.	314	203	251	253	164	229	431	553
Besides	1246	193	227	185	200	69	226	222	262
which,	183	149	186	179	140	113	188
inside	168	430	142	247	161	309	645	189
the	190	163
building	265	259	132	300	187	196	246	138	203	220
is	237
a	246	376
huge	207	183	260	78	472	243	203
canteen	128	539	195	180	295	898	376
containing	266	486	245	199	196	253	182	348	332
about	124	258	237	271	183	203
fifty	323	193	196	125	140	438	149	160
million	223	189	73	126	109	121	73
forks.	175	173	116	257
Once	266	168	184
inside,	401	492	112	795	302	443	229	194
nothing	204	702	455	193	169	243	226	197
can	205	301	321
be	199	97	80
done	205	296	249	250	207	168	186
without	254	176	221	100	224	198	254
a	195	294
note	152	229	189	274	155	342	171	182
or	203	260	167	190
a	202	96
permit	183	354	285	234	58	64	263	254	317
or	131	152
a	157	110	137	230
laminated	340	378
card.	289	146	274	169	320
A	
memo	72	349	298	201	263
came	334	218	184	359	269
round	629	333	216	220	190	163	188
one	367	225	248
morning	305	195	171	262	93	164	207	230
to	168	100	278
tell	211	146	214
us	213	211	189
that	116	554	180	421	224
'today	201	342	164	144	199	185
between	549	302	195	272	410	199	343
noon	180	446	122	205	222	217
and	123	191	212	170	271	163	142	263	147
one	110	105	130
o'clock,	201	374	168	188	218	401	63	301	212	391
you	79
will	188	248	148	214	209	243	167	201
receive	289	88	214	120	259	234	162	179	186
a	203	118	170
visit	139	373	190	202	208	344	124
from	201	167	63	84	243	201	220	187
the	238	529	145
internal	271	239	622	221	223	312	201	442	225
window	211	229	143	220	100	325	282	97	103
cleaner.'	616	287	362	162	223	407
You	220
start	498	419	413	215	301	287	238	470	222	243
to	88	194	186	165	67	146
worry	164	178	183	160	181	149	329
about	105	183	168	234	90	158
saying	738	487	176	289	305	224	400	87	217
'I'm	419	258	200	213	176
just	310	478	102	231	269	169	201
nipping	679	682	492	484	172	146	311	379	417	163
to	222	153	146
the	402	181	234	205	216
toilet'	161	263	250	218	179	442	143	142
in	385
case	281	88
someone	184	221	272	136	115	282	76	159
in	179
authority	225	392	227	189	188	244	265	390	248	276
says,	382	138	195	236	195	202
'First	210	315	127	192	191	280	204	165
you'll	391	154	208	208	228	158	150	180	640
need	767	437	230	217	360	388
to	144	215
go	217	223	174	116	266	172
to	231	197	302
the	197	155	93	259	95	193	188
fourth	176	116	132	172	183	220	269	176	185
floor	256	125	94	177	100	119
and	232	171	459
visit	238	163	346	170
the	180
slash	245	194	257	90	871
department	235	603	599	279	285	515	416	349	399	530
to	161	190	187	181
get	199	301	178	181	176	241
your	143	494	188	148	184	192	167
khazi	195	268	745	1136	146	174	658	263	256	147
warrant	149	251	1193	713	185	715	166	1053	205	667
validated.'	469	514	273	327	94	449	701	179	401
In	313	150	214	51	136
some	310	84	145	444	301
ways,	229	240	187	190
office	362	120	323	99	134	151	65
work	332	190	187	72	221	251
is	210	163
as	242	204	67	493
class-ridden	405	563	551	493	771	854	453	803
as	187	171	170	92	57
anything	404	255	203	245	235	189	210	265
from	173	164
the	226	192	119	181
19th-century,	490	313	287	501	734	423	211	549
because	272	255	109	229	393
its	229	472	180	217	139
main	164	192	267	323	188
purpose	171	247	176	229	344	184	289	105	142	318
appears	203	206	97	223	186	184	317	188
to	179	179	200	198	171
be	200	287
to	154	282	191	104
wreck	234	162	165	429	264	193	386	336	184	132
your	300	121	291	163	77	155	182
self-esteem.	211	389	251	364	151	182	216	240	178	382
The	172	169	97
worst	404	169	347	224	278	211	242	212
thing	276	392	141	147	196	179	151	116
about	315	237	129	182	63
spending	191	362	195	71	280
all	248	253	173
day	231	139	167	181	179	233
being	288	185	179	338	267	191
shunted	484	431	303	203	303	162	388	199	214
from	286	188	195
broken-down	592	581	273	192	443	514	822	356	429	449
train	192	432	267	120	149	212	257	155
to	272	163
overcrowded	286	570	262	324	323	367	265	695	306	227
Tube	350	322	179	330	186
to	271	198	195	148	210	385
bureaucratic	607	270	146	394	213
mini-metropolis	858	736	643	1034	210	413	235	553	298	775
is	120	109
how	52	259	287	245	321
it	65	231	187	364	211	230	273
makes	305	140	65	176	80	280
you	203	284	404	218
feel	223	233	127	107	290	200	295	222	184	197
utterly	281	628	373	277	173	217	229	186	235
worthless.	107	70	186	428	222	72	371	248	160	229
It	139	368	138
makes	373	206	232	233
you	151	201	229	132
wonder	152	129	104	230	142	279	312
whether	177	400	489	286	479	237	242	243	196
sheep	141	803	231	165	278	151
were	206	218	258	160	102	209	173	352
originally	350	445	708	354	258	236	263	265	214	543
super-intelligent	359	477	514	527	420	524	335	442	332	285
creatures	626	315	182	196	275	206	379	287	354	501
who	76	63	128	100	113	140
ruled	219	211	247	236	158
the	82	182
world,	165	223	170	148	191
but	211	131	109	189
after	179	88	273	235	312	227	271
a	147	205
few	324	304	162	165	145	244
centuries	248	208	186	179	329	362	171	190	450
of	
being	172	80	435	231	167	78	136
herded	259	198	425	87	195	215	162
across	661	248	312	427	194	319	105	500
fields	177	217	232	144	236	754	271	503
in	284	319	175	94
groups	208	437	193	501	200	254	449	566	241
of	145
several	154	383	415	69	221	169	309	234	200	203
hundred,	152	246	190	203	119	142	243	386	215	204
one	177
by	143	346	265	196	160	293	199	250
one	163	204	200	65	174
they	81	128	162	164	195	169	198
all	167	156	125	245
gave	166	334	176	182	182	217
up	176	92	256	280	188
and	207	347
thought,	162	211	80	320	242	210	230	194	176	382
'Oh	162	115
sod	138	279	305	197	148	185	389
it,	178	243	364	140	130
I	
might	120	277	176
as	
well	180	225	151	241	174	193
stare	386	270	174	362	229	254	261	205	131
in	339	211	170
a	218	194	189	164
gormless	452	300	316	683	280	175	336	257	204	293
trance	207	214	275	221	229	110	260	173	305
until	333	171	197	186	227	208
someone	263	171	178	245	165	252	333	326
mercifully	159	223	188	226	225	203	230	390	206
sticks	196	239	223	216	276	289	301	192
me	134	343	193	74
in	173	349	165	151	105	276	145	254
a	
stew.'	299	203	163	674	825	195
If	376	177	246	197	214
hell	215	379	387	111	175	203	211
does	85	194	383	242	148	307
exist,	208	178	588	134	209	195	90	307	279	524
I	186
think	214	187	116	307	164	265
it	179	225	227	303	257
almost	179	80	253	136	181	397	161	243
certainly	162	354	225	208	281	241	270	83	169	284
contains	169	209	208	195	182	91	213	196	150
a	263	225
corner	243	251	172	268	231	196	165	186	325	266
devoted	176	415	167	192	185	386	292	247
to	77	165	225
pointless	155	174	102	143	235	163	152
discussions.	305	264	417	986	277	322	269	342	276	351
Under	174	181	219	193	229	209
satanic	333	277	168	399	460	398	405	291	297	510
coercion	370	166	377	588	445	183	435	393	77	488
the	175	157	183
damned	306	373	174	146	191	288	763	419	230
will	109	479	222	318	186	193
be	215	181	199	253	458	195
obliged	186	98	109	783	249	324	1048	356	257
to	178	197	229	116
sit	142	194	141	260	51	195	258	188	109
for	408	55
eternity	229	479	139	408	198	192
discussing	203	296	240	231	387	269	239	464	206	400
whether	178	207	217	192	169	90	167	268
nature	275	313	180	215	233	175	265	262
is	97
more	294	325	222	187	317	281	186
important	189	350	207	157	172	72	223	178	344
than	202	193	196	148
nurture	153	403	183	247	283	159	525	382
or	194	185
whether	206	258	280	388	279	210	275	397	220
screen	189	534	113	160	113
violence	320	71	550	213	167	357	163
leads	392	111	264	281	188
to	182	147	308
imitative	652	228	855	2298	237	229	643	450	365
behaviour.	277	237	220	434	181	402	361	478	211
And,	359	183	52	84
if	203	193	231	174	197
you've	105	168	255	157	113	188	302
behaved	334	306	134	115	195	149	145	899	88
with	398	145	90	88	133
particular	296	259	487	588
vileness,	156	322	223	227	225	504	498	198
you	225
will	180	288	188	304	214
be	169	96	205	188
forced	180	268	219	254	332	261	249
to	161	208	147	200
join	189	192	237	133	478	138
the	188	297
endless	353	203	222	197	238	356	544	359
debate	178	271	498	203	188	446	360	221
about	218	133	115	350	338	303
the	239	281	259
state	223	357	224	364	241	193	187	238
of	291	271
the	188	337
British	552	399	222	120	207	140	314	152	254
film	175	216	139	212	163	154	164
industry.	170	391	180	279	173	273	68	229	296	442
Quite	229	202	410	274	183
a	370	180	158	185
few	227	170	205	148	269	153	177	312
people	196	318	111	166	86	84	328
will	88	182	188	158	199	219
be	209	243	115	135	200
doing	256	93	135	148	370	156	180
this	161	147	171	171	233	106	160	139
voluntarily	136	428	91	373	164
this	199	243
week	237	301	80	220	72	224	270	259	339
-	
provoked	531	216	197	238	238	191	197	198
by	189	266
the	220	319	184
Bafta	202	216	298	201	271	242	236	457	249	239
shortlist	206	686	207	205	219	104	359	294	217	520
of	104
nominations	243	477	357	401	298	377	288	218	356
for	203	226	350	139	270
best	171	199	253	250
British	138	179	54
film,	239	129	155	146	202
which	148	235	207	220	190	202
this	192	132	103	172	201	175
year	254	125	177	297	161	149	123
includes	203	186	161	281	267	460
some	193	292	161	250	166
titles	242	169	173	335	1276	171	160	167
that	178	225	387	836	119
seem	201	283	200	262	562	198	188	197
to	
stretch	280	145	290	275	188	249	198	187	186
the	243	85	90	167	101	72
definition	183	67	823	529
a	217
little.	164	356	197	239	437	204	378	641
Chris	307	146	346	249	773	70
Columbus's	800	275	246	226	173	499	651	215	241	582
Harry	177	129	348	360	231	488	174	195	1023
Potter	238	219	184	185	204	231	220	346
and	125	210
Robert	245	188	168	244	681	208	327	201	554
Altman's	108	226	272	328	381	238	211	228	280
Gosford	136	193	410	210	217	386	135	190	131
Park	164	169	63
are	189	156	170
packed	245	250	187	155	216
with	89
British	205	237	552	247	211	398	63	431	379	201
A-list	217	292	103	179	229	375	63	245	192	266
talent,	218	262	221	340	205	195	88	165	374
but	201	278
both	184	293	190	164	68	149
are	205	162	184	134
directed	173	215	522	304	347	508	239	239	219
by	81	145
Americans	415	263	237	565	206	573	292	494	313	250
and	237	222	174	156
financed	481	296	191	226	392	325	292	204
almost	197	203	150	180	205	262
entirely	334	213	366	168	151	577	331	457
with	454	357
American	212	370	261	221	210	151	254	342	361
money.	158	219	105	208	157
Surely,	515	254	268	258	141	297	264	221	239
the	166
sceptics	277	178	335	250	208	388	274	366	769
will	211	251	128	101	294	81	156
say,	219	194
this	207	165	149	112	140
is	285	218	179
the	200	207	369	52	367	145	189
kind	359	139	195	222	175	131	211
of	188	118
smash-and-grab	205	772	383	539	439	289	443	489	198	655
raid	207	197	181	323	75	161
that	238	211	144	170	143	184	537
the	195	209	123	168	213	233	181	402
best	153	241	496	436	151	326	467	197	345
British	212	521	556	132	762	188	267
film	202	214	142	86	598	137
category	271	322	346	154	152	191	149	252
was	96
designed	185	275	75	417	181
to	
prevent.	253	226	265	208	187	111	306	164	397
The	105	102
award	246	256	310	204	74	252	257	191
has	254	259	77	77
always	110	535	271	187	240	460	247
had	231	272	146
a	306	186	265	191
smack	393	231	237	365	141	219	327	199	321
of	173	412	166
the	191
consolation	220	348	189	579	313	801	518	557	375	840
prize	341	64
-	187	229	173	214	194
as	298	358	249	180
if	270
it	137	292	178	204
were	235	311	251	131	178	232	179
one	217	263	160	150	196	306
of	294	178
those	174	788	170	514	267	422	96	149
Tried	107	948	372	169	241
Jolly	350	452	84	306	260	634	55	336	299	230
Hard	310	55	332	173	205	223	305	621
stickers	271	750	239	177	354	537	262	473	368	627
that	221	204	253
the	187	199	242	155	468	160	94
more	161	172	188	128	207	279	96	179
anxious	275	348	183	306	549	312	158
schools	310	154	100	405	225
give	243	215	258	294	450	168
out	185	180	637	179	214
on	335	273	144	260	118	172	156
sports	229	184	509	226	592	206	178	184
day,	200	140	190	56	204	196	174
so	280	205	218	239	230	226	144
that	459	109	252	262	447	202	163
slow	688	108	264	499	204	146	200	169
boys	434	382	537	308	213	378	173	197	223
aren't	222	326	268	242	464	576	257	286
discouraged.	552	231	145	377	87	218	578	322	328	473
But	157	216	92	100	186
what's	198	258	305	203	387	192	360	315
the	219	167	168	157	152
point	164	294	245	238	68	208	227	179	340
of	56	183
cordoning	177	229	166	272	280	345	332	600	182	243
off	241	119	162	179	316	183	153
a	173	149
section	321	144	191	199	229	196	418	227	174	210
of	
the	169	223	225	227	200	98
trophy	195	89	181	318	263	268	131	173	184
table,	143	248	181	396	217	226	139	287	382	302
if	109	106	160	121	157
Hollywood	182	297	224	501	199	258	164	225
can	172	219	104	168
just	397	131	387	213	165	198	196
lean	269	187	174	163	506	240	209
over	402	362	187	181	212	150	178
and	188	244	150	133	186
rake	131	205	243	95	170	271	168	179	286
in	141	205	204	308	165
the	165	417	318	359
cups?	315	270	106	215	218	473	196	436	228	507
Bafta's	635	495	221	304	181	264	359	472	321
definition	421	732	394	273	444	537	254	218	339	340
of	143	247	115	146	59
Britishness	308	324	134	311	178	92	197
turns	475	320	310	257	407	346	251
out	164	177	255	179
to	143	67	214	217	200
be	188	172
pretty	200	435	233	317	238	227	237	228	201
straightforward.	159	562	335	367	204	374	413	318	348	275
If	162	207	312
you	210	63	151	262
qualify	300	232	140	215	469	201	231	175	218
for	99	110	189
government	176	268	375	95	160
tax	182	92
relief	166	690	375	314	269	535	397	138	287	450
as	90	179
a	59	330
British	183	225	269	317	264	333	238	228	216	325
film	178	214	162	126	94	119	151
then	212	138	323	323	230	236
you	135	112	180	166
qualify	183	420	152	166	177	276	391	306	170	438
for	182	62
this	218	395	171	186	405	200	221
section.	138	209	64	186	269	234	232	225	146	412
Since	179	157	378	208	255	197	237	288	191
the	280	114
rules	82	147	202	96
are	397	84	282	201
that	265	188	241	338	488	249
a	223	115
film	430	282	153	159	154
only	195	181	92	63	167	176
counts	333	340	261	434	455	394	56	385
as	63
British	395	176	247	186	255	137	191	200
if	235
more	296	209	228	99	200	134
than	183	148	203	156	315	248
70	209	149	202	205
per	211	324	140
cent	195	211	177	156	234	245	151
of	221	267	107
its	313	237	204	103	271	498	518
budget	236	305	465	240	225	255	223	212	236
is	144	242	292
spent	195	364	222	206	239	105	209	170
in	243	225
the	196	150	223	140	310	189	165
United	214	203	176	101	80	60	191	165	112	221
Kingdom	157	281	107	178	192	213	62
and	221	176
more	176	227	218	273	344	458	148	180	188
than	197	130	196	191	182	138
70	189	94	151	177	179	192
per	123	345	213	180	178
cent	187	189	177	161
of	220	202	463
the	134	99	189	206	158
payroll	199	228	146	176	171	146	252	270	190	169
goes	127	288	214	52	208	63
to	164	164	264
European	284	249	213	84	272	174	179
and	204
Commonwealth	467	318	383	176	130	451	273	193	256
talent,	221	326	169	271	104	89	63	500	195	243
you	196	138
can	256	325	180	242	457	185
see	190	215	127	155	198	417	268	150
that	208	156	78	200	185	233
there's	183	212	210	204	188	225	335	205
a	229	163
concept	141	167	192	223	235	217	305	163	71
of	182	110	210
nationality	133	226	545	195	165	95	101
here	193	296	173	192	170	243
that	204	279	228	276	141	63	182	197
is	104
more	439	215	135	102	294	177	576	414
all-embracing	481	661	440	243	421	306	228	406	358	312
than	184	175	204	145	267
that	231	233	73	81	229	174	178	208
generally	203	188	169	206	180	470	292	202	215
adopted	287	217	192	218	171	77	161	203	231
by	159	88	95	116
the	161	99	150	83
UK	211
immigration	85	140	379	261	477	637	315
service.	219	158	383	225	104	92	220	200	204
But	99	160	141	153
Bafta's	322	193	442	510	253	330	461	504	216	252
approach	111	634	196	386	136	246	276	218	89	204
to	
this	66	215	197	184	251	354	494
matter	206	165	203	198	271	277	224	547
strikes	173	278	230	176	183	201	65	213	137
me	101	180	161
as	105	128	146	227
perfectly	179	240	86	214	129	106	60
sensible	168	242	263	217	510	240	323
-	167
or	
at	207	78	642
least	175	274	389	320	242	229	62	333	155	397
properly	190	237	253	235	229	415	563	371	169	327
insouciant	277	632	844	912	276	1170	833	877	201	679
about	55	241	631	509	389	456	424	236	176
an	297	201	235	333	272	372	608
essentially	197	540	532	1248	219	591	849	547	294	333
trivial	232	237	203	449	230	217	336	202	220
matter.	477	157	197	193	136	222	73	387	145	335
Besides,	246	269	267	257	177	251	281	296	251	384
there	427	185	149	219	145	193	136
really	185	287	363	377	237	79	202	189	484
isn't	362	309	190	223	505	342	162
a	162
workable	216	482	205	479	260	297	219	347	179	426
alternative.	150	405	315	362	206	334	176	256	324	407
While	189	331	189	236	180	313	331	233	197
there	66	107	170	188	339	141	97	163
might	247	256	181
be	234	150
a	
popular	390	201	386	183	229	107	198	202
prejudice	294	301	219	307	256	326	243	718	415	269
in	166	185	156
favour	200	82	157	245	204	315	226	271	220	200
of	193	123
the	398	156
'who	439	66	167	230	215	181	194
pays	83	196	261	317	310	160	175	163	183
the	96	586	220	245	356	361
piper'	268	259	157	436	244	299	188	209	230	494
approach	199	218	237	228	367	292	253	348	245	213
to	88	219	62	146	167	179
establishing	186	220	627	149	182	316	185
national	263	171	396	447	114	239	420	246	213
pedigree	385	683	216	313	267	100	419	280	282
(if	190
the	214	213	206	239	229
Americans	196	525	176	393	192	449	184	200	282
foot	232	365	210	231	180	326	197
the	288	161	238
bill	160	310	63	213	223	149	52	186	209
then	465	112	207	179
it's	194	58	259	270	235	157	118	266
an	224	112	189
American	342	230	303
movie),	366	246	177	238	273	187	291
it	228	192
very	143	196	455	285	151
quickly	239	540	535	269	584	328	167	503
runs	167	309	336	137	180	259	347	225	150
into	584	243	207	299	195
trouble.	177	418	217	372	202	207	925
Bridget	334	209	257	231	100	177	180	311
Jones's	302	318	192	144	313	94	194	200
Diary,	192	257	74	145	372	197	80	59	216
for	103	117	152	514	171	80	166
instance,	154	274
could	219	224	293	172
credibly	251	398	186	266	233	353	189	339
be	237	205
claimed	261	356	246	313	330	262	343	212	173
as	364	115	187	152
a	127
French	202	421	438	242	256	353	233	184	290
movie	170	314	286	228	217	172
by	186	166	210	273
those	114	272	445	442	234	543	564	416	125
lights,	231	237	268	287	179	251	608	241	391
since	175	229	252	308	579	343	263	311
a	179	195	159
large	339	336	364	205	168	162	203
chunk	241	235	89	216	178	341	259	252	195	238
of	60	87	149
money	172	160	167	204	157	188	72
came	194	181	175	107	190	169
from	234	58	177	181
Studio	200	277	345	346	164	230	450	593	181	558
Canal.	249	434	228	293	363	384	374	237	414
Follow	325	457	443	325	584	634	85	263	183
the	189	97	197	149	351	509	222
money	368	93	337	112	201	360	69	113	346
and	175	199	226
you	403	216	218	162	91	222	221	214
could	152	250	184	242	268	208	284	205
claim	414	197	224
that	210	157
Peter	223	284	336	199	141	250	193
Greenaway	257	544	297	522	224	357	199	783	360	395
makes	932	397	329	160	214
Dutch	491	392	136	289	142	247	418	165
movies	252	226	222	162	191	182	223
and	175	309	188	176	215
Ken	513	203	436
Loach	246	304	145	463	465	358	256	512	227	334
Spanish	267	807	315	314	152	282	526	226	443
ones.	300	155	191	243	152	117	158	188	141
It	148	308
doesn't	225	138	204	173	208	134
help	233	417	201	134	213
to	186	162	236
call	201	219	309	303	213	82	201	189
for	207	149	155	269
the	164	165	284	448	442	159
travel	235	381	462	275	214	170	315	234	61	229
documents	192	320	382	256	416	140	515	123	243	361
of	96	208	161
the	219	92	168
producer	206	400	478	517	191	181	695	239	194	403
or	146	84	188
director,	255	193	189	82	155	185	243	308	354
either.	170	395	435	51	269
Is	155	368	258
Black	211	1057	236	345	290	221	278	412	232
Hawk	209	237	259	155	185
Down	206	280	296	280	190	529	167	176	416
a	92	56	202
British	232	412	181	529	208	166	148	182	220	318
film	197	151	76	194
simply	220	221	420	288	198	347	253	154	156	104
because	182	275	158	227	165	170	208	182	177	467
Ridley	222	443	243	253	184	524	199	188
Scott	230	264	242	274
can	267	427	137	194	229	88	201	149
walk	104	228	186	242	222
through	153	213	140	142	250
the	303	104
fast	187	214	280
track	614	448	168	363	261	248	178	233	194
at	168	181	149	484	358
Heathrow	243	807	532	239	341	369	401	287	222	270
passport	201	268	164	193	231	393	179	285
control?	279	74	292	436	287	55	217	494	283	160
Or	205	217	155	258	137
should	194	221	278	696	228	220	184
A	128	206	226
Room	249	193	183	219	327	139	243	168
with	155	135	423	550	461	418	170	382
a	171	327	275
View	223	408	229	133	397	155	280
be	162	137	531	179	332
regarded	208	663	225	714	409	513	205	334
as	122
quintessentially	224	402	98	574	545	844	534	889	460	860
Indo-American	174	508	548	407	301	366	444	248	402	516
because	290	193	302	298	184	424	243	196	167
its	205	184	89	163
producer	161	169	402	218	400	439	202	521
(Ismail	171	483	252	204	153	580	690	793	359	955
Merchant)	185	272	259	185	192
comes	285	207	169
from	201	160	80	198	221	220
Bombay	535	217	146	183	506	288	222	248
and	145	81
its	160	144	136	201	188	226
director	169	290	311	358	180	364	241	179	210
(James	207	214	266	336	126	63	237
Ivory)	205	338	166	157	146	236	243	238
from	205	244
New	152	371	298	231	324	374	218
York?	240	167	331	152	232	160	119
More	261	421	300	188	182	442	176	200
importantly,	261	210	69	292	164	205
who	244	196
cares,	149	185	134	259	76	321	153	267	355	131
apart	176	180	87	204	87	383	245	253
from	248	72	210	131	72	84
the	224	133
production	189	334	739	772	270	394	295	335	297
accountants	227	203	292	382	261	186	320	249	226
who	75	281	568	186
must	234	302	205	298	165	209	219	342
squeeze	249	151	105	262	107	157
every	440	170	251	168	163	158
last	179	552	92
drop	241	69	175	137	63	71	164	189
out	212	158	112	104
of	174	370	178	121	208
the	271	170
smallprint?	368	505	440	807	133	340	300	548	208	431
The	251	867
truth	226	178	135	181	201	182
is	191	338	604	108	183	80
that	407	204	269
the	225	159	164	170	132	169
patrimony	193	181	191	1024	226	690	178	274	514	565
of	160	190	236	111	307
a	
film	112	203	240	424	307
-	290
amorphous	112	219	1040	238	295	260	243	424
and	352	353	155
debatable	153	672	286	569	202	420	255
--	273	249
is	171	53	285
probably	265	684	461	359	98	234	259
the	317	56	13	233	99
least	492	148	641	267	116	305	200
interesting	330	210	204	394	97	420	201
thing	177	219	253	623	159	204
about	292	307	105	211	694	315
it.	235	238	181	181
Cinema	345	369	466	126	265	345	321	387	155	587
has	196	241	176	200	160
always	199	402	134	83	170	294	113	631	185	190
been	163	166	180	179	179	169	199
a	229	243
medium	204	189	242	243	176	161	284	201	192
that	126	181	210	243	175
thrived	239	537	229	136	245	379	200	305	372	401
on	179
the	182	201	276	270	186	234
genius	204	406	164	204	313	104	548	191	221	171
of	
immigrants	408	551	288	339	225	475	323	454	427	406
-	
in	260
this	172	121	165	293	302	166	156
country	195	272	184	119	127	438	181	160
as	327
much	297	177	359	209	694	321	208
as	309	230	381	254	225	218
in	163	187	557	147	133
America.	186	227	250	193	256	315	353	180	280
What	243	187	230	230	105
would	221	134	215	476	526	590	266
Hollywood	122	633	277	218	224	123	79	95	294
have	179	321	157	203	381	248
been	191	316	242	161	156	203
without	65	309	66	151	165	297	232	149
Schmuel	272	265	258	167	221	64	301	235	66
Gelbfisch	370	295	313	787	298	465	477	531	271	398
(the	266	196	186	158
young	224	179	97	341	233	236	190	144
Polish	582	243	460	124	247	62	206	404
boy	291	168	166	318
who	211	316	141	214	179	149
later	182	222	378	367	247	104	225	171
adopted	182	372	145	217	226	116	302	495	218	283
the	188
fabulously	233	456	196	298	180	298	424	418	364	194
aspirational	1871	1048	2174	176	155	317	175
name	659	444	629	155	1069
Sam	257	340	181	265	533	258	410
Goldwyn)?	725	819	1207	960	190	687	1437	1162	458	679
What	542	257	204	301	365
would	174	228	979	186	294	514	472	207	196
British	160	116	990	427	279	469	157	212	356
cinema	226	244	175	485	275	286	170
be	383	296	257	165	346	215
without	271	289	272	201	737	244	397
Korda	244	134	127	168	668	106	193	159
and	246	223	477	180
Pressburger?	387	208	284	233	116	197	571	700	452	436
To	180
those	166	438	309	496	221	202	209	184
questions	143	655	403	214	207	218	452	618	165	208
we	420	349	52
might	294	427	215	154	203	501
legitimately	147	562	756	548	246	360	310	505	188	205
add	278	245	602	624	82
another	161	407	200	706	272	57	298	477	402
one.	126	152	195	317	397
What	210	151	213	176	488	331
would	212	308	175	161	228	202	175	199
American	173	227	195	156	333	179	203	62	349
cinema	226	272	234	294	239	229	313	161	212
be	362	82
without	197	107	249	157	188	205	266	159	225
the	217	107
legions	548	409	446	269	114	273	297	167	286
of	181	161	234	75	109
British	131	441	323	253	212	509	185	246	186	220
economic	158	362	191	376	229	190	63	335	189	124
migrants	356	498	432	296	284	218	257	437	190
and	458	168	69	116	149	148	117
gastarbeiters	1116	869	1315	1057	298	1235	1539	403	204	1676
who	276	277	151	247	195
do	197	192	262	192	193	279
their	184	348	202	162	247	473	181	293	165
time	130	181	430	207	197	423
in	239	106	189	133
the	334	200	188	197	189	179
Hollywood	113	107	142	186	199	351	232
hills?	581	466	442	234	104	347	51	391	293	246
It's	110	368	82
time	314	246	116	249	602	121	202	417	191
to	279	276	207
recognise	144	473	246	256	213	256	657	383	137	194
that	203	259	309
Britishness	198	592	461	251	212	221	51	377	198	289
has	241	109
been	439	182	278	90	194
so	201	204	155
successfully	233	490	361	372	160	333	338	192	162	286
exported	222	359	208	528	285	238	122	232	223	277
that	216	422	300	115
Britons	261	375	197	163	257	205	363	244	331
can	144	144	213
no	103	51	65	251	113	262	207	319
longer	298	102	199	247	143	91
claim	157	214	225	275	293	264	255
a	212	61
monopoly	457	141	264	185	211	379	175	407	168
on	168	78	144
its	207	359	391	321	380	118	307	115	158
virtues.	214	329	441	445	257	243	203	495
Of	307	160	397
late	208	276	231	378	337	412	236
I	205	128	170
have	178	111	182	182	298	195	176	182
begun	187	179	229	176	138
cutting	364	153	212	212	325	351	207	160	242
my	279	278
own	120	284	193	408	71	376	228
hair.	133	140	151	314
Before	189	422	206	261	277	140	423	167	149
this,	186	62	172	386	222	117	182	160	175
up	192	266	187
until	213	574	393	128	171	539	253	456
a	83
few	263	546	164	165	246
months	98	65	313	333	294
ago,	160	371	81
I	133
would	220
go	253	186	313	182	160	193
perhaps	565	459	157	211	153	144	166
twice	195	225	209	368	441	192	231
a	305	176	234
month	177	202	229	124	115	250	325
to	234	335	712	389	159	158
my	326	204	307
barber,	221	446	294	629	280	172	156	200	419	296
Gino	450	220	186	360
of	502	231	105	193	142	248	158	245
Marchmont	715	393	101	231	271	411	577	252	176
Street,	117	261	137	154	117	357	263	222
London	366	203	159	80	418
WC1,	271	229	231	306
to	157	164	205
have	193	269	112	364	101
my	289	140	221	151	155	253
hair	198	160	371	150	182	177	311
trimmed	157	290	179	169	221	179	76	219	191	235
by	244	141
clippers	229	193	310	198	185	314	216	202	114
on	220	241	230	458	164	178
a	614	336	200	191	255
No	514	195	391	292	242	219
1	171
setting,	246	374	336	178	98	188	186	214
with	180	301	199	198	311	179	196	261
my	110	145	209	229
beard	235	139	113	207	196	201
cut	197	202	299	343
slightly	414	225	339	248	114	176	786	402
longer.	483	229	156	171	286	132	189	167
However,	235	222	242	340	206	526	530	158	373
for	273	184	224	181	153	202
several	284	183	120	173	240	102	406	193	214	234
years	229	284	100	198	233	153	140	104
now	243	228	240	273	203
Gino's	288	184	174	390	262	182	297	84	259	178
has	215	67	130	234	160
been	211	200	207	138	180	239
getting	124	248	158	309	174	166	227	206	163	169
more	146	97	80	219
and	111
more	205	155	72	338
popular.	206	228	336	154	125
I	250	60	401
don't	227	243	205	177	75	196
know	195	202	97	146	264	62	193	178
if	182	146
this	168	445	153	340	242	172	194
has	206	164	180	229
anything	172	328	262	223	153	377	153	136
to	227	189	178	182
do	229	78	187
with	225	64	144	227	492	194	303
a	201
number	477	299	238	213	103	218	293	307
of	18	183
extremely	219	343	328	126	254	188	435	230	300
attractive	172	317	232	112	231	243	100	305	172	201
women	329	164	200	203	401	274	196	225
from	193	248	281	139	172	138
around	190	358	307	163	438	390	153	159
the	154	203
world	292	232	220	136	237	158	315
working	288	252	280	472	215	241	124	662	164	232
there.	255	146	94	229	208	230	104	179	261
Is	393
it	289	307	252	194	630	190	401
a	89	193	283	238	320
sort	203	188	150	156	127	165
of	116	177	217	93	144	486
timid	408	184	784	254	96	420	245
man's	411	404	225	208	222	234	383
lap	238	249	366	237	329	154	240	350
dancing?	411	461	150	310	124	73	58	150	181	564
I	
couldn't	168	273	398	245	134	130	119	77	213	344
say.	165	260	207	260	540	239
Whatever	178	274	616	243	243	182	450	178	189	569
the	63	118
reason,	241	281	188	230	192	226	323	216	234	190
occasionally	164	340	214	283	229	245	390	405	237
I	127	61	150
would	187	198	236	126	171
have	111
to	214	152	288	248
wait	300	248	188	174	153
a	168	110	263	271
long	189	151	185	107	319	182
time	338	178	194	184
before	182	192	232	153	299	87	201	167	220
I	
would	296	118	254	87	360	93	186
get	162	163	93	224	204
to	175	228	211	513	180	212
sit	243	73	238	166	151
in	183	85	166	215	144	149
the	192	157	295
chair	178	150	150	307	149	74	169	170
for	133	206	225	117	63
the	323	146	153	161	161
few	246
minutes	169	117	138	304	134	152
that	345	102
it	112	206	263	66	194
would	191	238	215	183	136	192
take	213	149	144	386	95	159	188
to	171	94	173	172	269	218	208
have	188	208	258	85	161
my	306	139	172	154	147	229
own	180	231	68	217	174	214
sparse	240	169	304	307	172	192	441	254	416
bonce	494	205	111	237	378	537	169	544
done.	390	302	273	476	179	173	230	226	550
Now,	252	271	202	264	200	219
I	231	233	176
am	174	248	166	171	210	132	168
an	53	202	85	142
extremely	195	81	243	383	243	184
busy	216	233	227	433
man,	172	501	113	408
a	
popular	199	293	222	291	459	60	215	196	241
and	343	91
gregarious	260	405	715	342	270	583	196	370	182	296
individual	195	422	251	309	403	213	250	382	430
who	155	157	103
is	216	188	177	208	197
surrounded	229	448	214	409	177	191	175	185	333	206
by	152	180	208	267	192
a	297	211	136	231
large	275	180	215	215	210	330	80
and	233	149	260	177	258
vibrant	256	442	141	102	246	161	154	378	180	257
family	258	334	202	187	154	208	157	93	240
who	180	141
keep	236	171	168	188	132	230	258	185	165
me	226	80	125	166	390
on	205	337	398	149
the	136	308	178	681	288	166
go	164	187	210	349	164	211
23/6,	911	465	935	5987	219	846	796	294	531	738
as	190	200	60	403	311
they	399	599	106	491	474	275	403	267	569
say.	82	105	250	193	157	229	356
The	240	326	628	103
fact	152	230	163	146	500	178	272	392	279
that	176	208
just	325	180	335	260	323	168	377	457
at	370	405	214	146	218
this	531	371	201	207
moment	573	443	181	75	174	208	416	235	148	520
I	126
am	113	166	148	186	128
sitting	207	314	272	285	201	211	71	103	174	371
alone	383	220	192	178	146
in	148	197	182	155	294	171	210
a	189
dingy	181	168	261	218	287	414	354	202	552
basement	223	555	91	272	291	251	384	182	273
apartment,	177	101	243	231	157	291	333	178	336	249
the	149	328	76	143	180
dank	219	167	207	278	150
room	175	63	66	194
lit	432	191	187	306
by	178	129	187	191
a	194	125
single	229	271	239	188	148	161	207	235
light	184	346	247	198	226	299	170	202	188
bulb,	433	204	322	75	164	210	401
on	181	156	199
the	134	220	238	183
day	269	179	335	182	214
after	197	338	495	239	160	180	159
Boxing	141	355	222	285	208	222	170	312
Day,	103	165	136	148
dining	277	196	171	202	212	332	271	248	253	319
on	257	97
some	271	228	153	158	52	145
stale	227	188	193	161	218
crackers	322	608	188	302	378	331	336	567	237	724
and	125
able	407	267	199	163	278	171	199
to	184	198	249
devote	254	467	441	335	190	183	277	229	173	425
the	161	173
whole	196	364	257	253	110	258	169	216
day	250	179	232	180
to	311	177	187	161
writing	225	493	188	241	200	214	122	219	208	354
800	293	234	227	219	262
words	152	281	264	354	312	518	493	181	446
to	74	234	81	234
fill	195	560
in	177	399
for	182	381	70
Howard	196	266	493	271	184	301	314	381
Jacobson	362	339	271	297	182	328	391	410	490
at	300	162	225	172
a	78	161	298
moment's	211	439	339	606	327	459	203	530
notice	210	121	308	72	212	311
is	385	325	75	258
merely	305	500	490	371	584	110	215	319	163
a	442
statistical	499	638	839	66	135	672	397	449
anomaly.	291	824	576	99	229	242	575	304	312	388
Whatever,	538	240	227	309	244	663	134	665	230	123
I	133
felt	178	425	270	209	866	334	131
I	389	130	179
didn't	377	279	907	365	154	227	67	502	206
have	238	260	359	142	198
the	77	204	153	389	244	210
time	193	190	259	257	318	180
to	202	245	85	202	188
sit	215	189	197	187	67	224
around	555	286	118	270	299	172	165	167	212
waiting	161	350	166	170	261	246	227	257	179	319
my	126
turn	125	160	283	146
so	337	229	214	237
while	170	356	194	376	229	242	58	731
I	90	212
was	163	215	201
in	173	205	393	579	231	108	176	104
Spain	154	193	225	263	162	150	121	387
I	177	187	921	243
purchased	105	490	280	231	407	723	371	183	216	434
a	191
set	230	224	105
of	146	168	226	124	172	268
electric	203	251	260	274	227	162	171	268	350	255
clippers	160	525	207	304	229	407	313	241	170	240
and	125	63
set	145	229	236	104	240	136
about	120	226	203	105	415	318
myself	335	173	123	67	259	122
in	161	54	188
the	200	270	184	107
bathroom.	208	374	235	398	227	204	228	383
At	83
first	287	385	391	495	207	101	191	186
the	188	291	106	59
result	204	209	226	561	178	595	243	209
was	208	162	258
a	172
revelation	246	304	328	349	178	438	210	230	278	227
to	172	215	97	195
me;	256	197	320	274	230
as	206	229	307	132	239
far	129	196	168	137	358	146	182
as	62	90
I	194	88
could	196	177	56
see	70	266
my	165
haircut	207	617	329	465	155	342	220	405
was	194	195	317
as	119	197	170
good	243	236	247	453	192	213	102	433
as	237	63	206
I	82	213
had	179	283	186	239	231	192
been	612	169	177	211	148
getting	185	392	146	446	218	97	194	192
from	204	138	134	118	194	251
the	91	194	141
professionals	153	177	196	99	72	184
over	271	233	212
all	442	204	219	191	207
these	316	316	348	132
years.	389	121	676	172	66	122	221
'My	285	208
God!'	224	360	209	181	134
I	250	273
thought	177	185	208	229	145	113
to	158
myself,	375	165	302	134	96	104	104
'I've	203	220
been	412	256	399	375
squandering	230	520	219	599	183	184	604	287	243	218
seven	329	144	134	192	97	436	267	183	132
pounds	380	241	168	294	196	174	188	195
a	213	64
month!'	300	170	287	373	229	287	96	218	174	314
Not	237	243	188	69	200
to	135	159
mention	229	367	382	746	308	343	283	225	440
all	296	463	74	189
the	196	184	390	381	390	191	174	51
effort	172	353	87	646	172	190	123	423
I'd	231	285	253
put	209	176	184	344	162	218	151	159	240
in	122	84	79	66	207	124
to	171	112	124	146	196
walking	166	642	86	269	777	200	167
painfully	187	345	242	427	315	333	391	146	98	466
up	548	478
and	383	278	313
down	174	181	194	225	243	344	258	176	187	304
Marchmont	213	410	333	309	474	136	714	635	168	246
Street	227	267	254	200
leaning	221	348	433	452	324	216	613	237	204	321
on	303	104	234	270	261
a	211	413	253	138
Zimmer	250	462	119	219	347	235	341	224	381
frame	274	280	228	213	186	280
to	155	274	179	328
qualify	194	306	86	156	98	152
for	213	67	203
the	225
OAP	171	156	296	236	368	358	265
discount,	343	546	553	217	286	65	225	302	361
now	232	273	282	74	194
revealed	423	406	472	445	193	140	373	205	383
as	255	205	62
a	240	335	121
terrible	405	657	123	262	238	284	233	209	164
waste	602	206	574	222	209	404	242	166
of	320	153	266
time.	174	142	278	155	108
My	109	240	227	152
do-it-yourself	183	182	216	213	405	117	91	221
haircut	277	61	256	401	297	370	173
seemed	370	538	163	288	269	232
to	252	209	123	402	183
be	246	170
a	238	185
confirmation	202	675	379	216	490	298	305	199	438
of	324	204
an	213	336	91	165
idea	271	417	76	246	313	235	106	195
that	308	148	100	147
had	177	278	172	205	171	504	201	173
been	178	303	77	108	117	145	177
at	141	271	173
the	87	272
back	371	204
of	110	75	100
my	73
mind	196	203	200	90	241	176
since	172	209	99	189	123	214
the	172	213	215	96
time	233	218	183	131	192
I	179
started	215	532	218	180	205	531	236	158
losing	205	100	223	209	178	384	249
my	350	205
hair	217	186	188	155	301	245	240
to	166	220	61
male-pattern	625	587	666	627	746	366	897	339	640
baldness.	237	578	444	486	292	367	499	510	163	333
A	203
bald	553	353	211	346	118	60	230	188
man	154	277	453	202	189
like	393	327	189	56	169	243	188	425
me	162	425	179	185	234	315	172
often	173	198	571	928	208	426	276
harbours	197	503	481	875	156	324	213	420	196	198
resentment	168	549	366	475	189	393	465	369	202	251
about	245	165	181	214	204	215	110
spending	332	205	168	225	171	236	201	94	140
money	173	150	142	170	75	99	225	147
on	94	126	156
tonsorial	447	276	263	740	650	351	817	185	908
elaboration	868	481	351	825	488	786	566	287	667
since	254	190	411	122	130
it	266	305	203	158	161
appears	450	184	309	224	481	239	255	175	222
an	78
essentially	573	410	219	482	220	306	431	302	153	413
pointless	618	187	255	183	252	188	347	220	205	331
exercise.	338	361	233	288	234	94	380	198	228	172
Or	105	129	265	156	161
sometimes	154	65	332	172	196	289	184	204
we	102	132
baldies	236	469	229	259	237	226	105	283	268	366
can	234	95	146	180
go	261	212	208	149
the	228	342	154	204	232	169	451	206
other	151	196	221	69	108	203	215	400
way.	289	175	160	144
For	75
example,	243	233	165	204	185	181	125	222	175	245
there	228	64	205	72
was	297	95	212	188	338
a	218	129	98
previous	95	523	140	94	144	278	189
editor	234	132	188	468	294
of	157	56	190	291	82
this	213	195	92
newspaper	180	346	201	359	204	197	398	232	210	297
who	
was	272	255	120	498	191
as	173	325	284	376	116
bereft	200	187	196	555	174	326	570	188	223
of	181
hair	238	303	415	146	66	266	512	169	226
as	234	137
I,	318	104	493	97
yet	342	271	196	53	113	219	286	178
who	244	226	177	120	434	162	163
would	412	149	190	188	430	189	171	126	178
visit	193	488	156	152	164	52	168	140
the	80	69	127	170	182	76	163
society	72	576	322	251	191
trimmer	582	397	265	254	275	229	102	212	458
Trevor	580	322	188	321	254	220	542	185	447
Sorbie	408	273	650	233	226	260	504	88	222
on	421	306	116	430
average	386	197	566	218	195	188	354	304	250
about	401	242	171	215	238	104	327	117
once	193	472	240	200
a	392	178	126
week,	379	51	201	215	356	181	266	228	147	185
which	194	96	398	141	118	562	174	74
-	63	192	127	194
knowing	216	248	491	181	262	492	258	244	271
the	284	159	149	505	505	194	197
prices	241	210	348	213	170	210	555	159
that	302	125	179	218	137
Sorbie	228	68	367	228	103	465	557	176	365
charges	198	205	370	173	224	188	151	164	247
-	
must	189	412
have	219	128	308	174	296	180	253	176	207
worked	225	143	176	204	300	233	192	178
out	180	286
at	213	218	110	234
about	544	150	205	210	102	468	165	167
15	439	250	631	202	252	522	186	176
a	474	232	243	129
hair.	304	271	352	171	316	421	185	176
So	180	197	327	256	696
now	66
I	289	292	279
thought	258	182	192	437	160	197	428	114	523
I	229
was	221	135
saving	374	173	294	468	166	329	482	286	230	467
myself	207	261	179	128	78
both	182	303	210	227	157	173	166	156	262
time	206	195	155	156	199	179	395	231	152
and	75	138	175
money.	212	118	785	159	109	180	165
I	225	228
had	194	512	373	249	227
a	108	152
neat	301	132	637	231	196	228	327	76
haircut	211	382	345	164	239	218	404	202	351
while	219	174	134
freeing	298	756	194	332	306	75	215	243
up	86
the	252	539	185	221	255
time	227	272	451	242	137	117	225
I	178
would	207	309	80	244	240	205	121	289
have	266	146	99	206	396	197	152	173
spent	198	204	229	353	159	360	152	175
at	133	209
the	195	205	314
hair	250	229	166	126	176	157	200
salon	432	159	252	263	238	360	238	57
to	209
do	202	285	219	427	403	181	272	145
more	296	162	181	385	257	145
important	248	318	144	107	162
things,	243	620	232	54	150
like	362	158	204	355	75
download	278	416	384	607	185	248	490	75	251	568
different	245	238	439	395	52	322	397	207	468
tones	437	186	581	272	207	310
for	238	361	171	181	202
my	328	171	261	200	177
mobile	186	226	162	421	200	358	192	271	321
from	171	729	238	96	186
the	83	121	413	232
internet	221	314	339	253	154	274	267	227
and	140	119	53
dribble	163	222	179	368
spittle	711	227	86	296	247	273	52	173	213
on	268	75	470	203
the	296	359	185
dining	234	239	346	346	361	224	87	232	225	237
room	213	178	592	208
table.	249	115	335	274	129	219	267	182	417
Yet	153
after	311	179	337	808	301	169	352	188
a	241	248	91	252
few	199	252	519	278	161	188
days	184	208	169	217	47	133	309	179	169
something	260	228	300	763	192	603	981	168	337
strange	234	276	210	178	231	345	353	185	362
happened	186	216	194	161	154	155	83	161
to	164
my	149
previously	207	196	356	213	314	335	630	317	414
uniform	374	217	250	241	218	457	188	181	356
haircut	211	118	295	187	223	862	358	192	257
(and	171	72	222
I	66	197	165
suspect	210	188	223	251	200	112	180	186	192
this	201	188	211	345	150	125	156	84
is	245	153
where	199	168	106	141	253	171	141
the	246
skill	122	241
of	193	57	138	173	150	108
the	65	208
professional	181	569	247	331	221	342	286	357	204	554
hairdresser	290	399	166	277	190	185	223	225	182	206
lies).	225	394	163	248	183	122	293	207
Where	367	200	589	79	334
there	224	446	151	179	244	375	226	210	169	77
seemed	178	210	188	292	106	301	271
to	175	368	107	169	144
be	365	169	145
an	86	129	284	127	192
evenly	180	274	194	297	323
cropped	210	229	172	188	456	294	179	283
skull,	200	354	291	127	57	141	187	151	265
there	255	239	159
suddenly	197	264	346	790	230	185	255	317	212	389
appeared	143	190	240	223	136	214	177	189
clumps	218	180	208	418	204	214	200	192
of	236	709
ragged	227	743	232	494	117	190	92	557	420	204
hair	223	247	243	274	238
(which	193	202	227	168	263	256	480	427	223	491
I	107
had	159	248	298	487	141
missed	331	238	149	229	134	136
when	284	253	243
I	188	256	85	212
had	229	218	171
been	179	62	526	267	140	232	182	154
peering	237	580	219	700	196	282	547	557	161
in	209	327	182
the	146	456	348
mirror)	241	269	388	86	229	174	354	206	416	299
along	208	334	125	163	101	307
with	249	465	384	193	193	217	173	212
completely	333	520	657	245	321	438	220	549	204	371
smooth,	161	219	112	209	210	346	193
irregularly	192	332	179	474	200	188
shaped	801	227	250	181	135
bald	326	268	126	233	230
patches	256	376	320	564	271	111	310	176	307
(which	243	56	348	63	120	169	192
took	200	406	194	159	214	235	200
much	203	114	236	62	183	559
longer	196	373	174	309	268	233	152	227	182
to	274	186	221
grow	229	269	219	174	140	217
back	185	431	61	171	283	248	238	190
than	605	181	249	283	134	134	159
the	297	318	374	206	227	198
surrounding	248	370	265	252	224	197	257	210	255
hair),	182	399	196	128	157	223	197	292
bloody	336	244	192	217	199	283
scars	300	824	146	225	672	367	226
and	533	146	317	196	185	229
cuts	274	204	146	241	482	330	302
and	381	526	80	331	333	162
long,	265	143	668	247	213	198	114	155	246
springy,	346	783	437	603	295	190	163	165	453
cable-like	651	268	363	463	368	531	630	258	862
black	159	551	169	212	189	241	324
hairs	294	227	174	162	364
that	239	198	124	189	200
sprouted	185	336	376	231	187	438	189	208	342
from	253	220	188	244
the	105	226	263	182	249	183
dome	348	420	180	256	250	327	180	201
of	218	180	183	196	177	85
my	352	329
pate.	356	632	60	928	169	197	713	224	185	483
And	215	57	439	162	396
frankly,	288	287	292	690	421	484	100	474	250	377
God	176	332	291	151
knows	531	243	339	313	160	378	171	235
what's	192	90	74	172	78	74	210	152	131
going	159	705	230	219
on	228	191	206
behind	254	554	288	193	308	209
me.	336	547	239	256	109	143
The	344	156
other	174	837	252	298	344	240	165	416	203	443
day,	400	255	422	90	131
while	192	513	74	554	253	117	382	265
I	191	181	208
was	477	120	209	165	416
walking	215	374	237	247	173	165	306	551	188	153
past	149	200	158	188	353
the	229	1101	161	151	398	185	145
Dalston	287	141	227	113	136	821	214	246	326
Mosque	134	188	216	81	134
in	318	252	236	97	146
east	215
London,	524	176	418	295	448	185	322
an	304	129
angry	198	226	86	253	141	289
crowd	208	810	205	508	198	324	77	124	232
of	154	196
worshippers	181	312	224	412	199	232	366	246	325
began	253	274	189	221	188	204	68
to	166	385
form	205	301	191	224	231	129	344	198	207
in	87	219	214
my	250	183
wake,	397	440	286	467	205	852	304	298
and	171
a	
growing	914	287	174	312	125	437	104	180	288
mob	202	178	163
followed	173	210	386	284	385	356	242	502
me	184
for	238	526
quite	200	224	425	84	80	156	187
some	164	167	51	181	183
distance,	147	253	190	163	405	193	127	412
muttering	233	213	298	262	229	461	188	200
furious	175	236	285	221	227	104	267	81
threats	447	57	426	99	287	195	215	216
and	271	247	180	190	202	214	188
imprecations,	341	1193	1027	1241	202	956	1676	1151	215	408
until	535	422	197	167	271	175
I	201	494	220	219
was	247	78	236	111	299
forced	193	231	191	266	391	87	464	187	206
to	180
jump	298	211	203	198	161	203	320	185	169
on	152	242	195
to	138	342	246	214	168	243	222	134
a	175	187	243	212	174
bus.	264	57	170	237	247
Piecing	788	891	487	419	264	205	125	214	206	341
together	497	1015	275	209	152	124	235	313	151	153
what	161	242	136	158	255	367	95
they	189	211
shouted	262	126	160
at	199
me	256	193	208
afterwards	280	282	360	364	234	476	308	269	210	202
led	
me	159	312	211	231	280	282	202	345
to	66	240	94	213	229
believe	162	79	306	100	278	231	171
that	231	139	160	71	93	172
with	272	451	456	352	175
my	182	107	194	187	214	226	221
clippers	155	377	203	396	256	333	279	368
and	149	187	149	110
a	186	154	158	217
wobbly	334	243	243	137	256
hand	271	220	231
I	148	250	255	305
may	289	227	385	160	93
inadvertently	237	945	316	374	307	124	479	400	184	452
have	203	234	213	326	181
carved	201	687	158	230	169	659	188	577
various	300	424	319	294	201	264	266	162	181	82
foul	266	164	204	191	543	386	212	187	201
obscenities	410	1105	190	370	327	263	253	198	303
in	146	193	211
Arabic	403	327	208	224	338	222	289
script	254	154	70	109
onto	276	312	204
the	205	222	208
back	159	207	149	168	179	191
of	184	147	241
my	217	197	188
skull.	219	181	104	153	97	295
In	
the	257	137	463	244	180	494	228
end,	385	459	189
I	155	158
have	193	197	180	221	228	154	247
nobody	196	198	596	262	462	199	595
to	172	190	192	91	363
blame	781	191	247	461	335	88	98	202	495
but	81	143	165
myself.	106	173	67
I	200
thought	200	201	259	254	188	221
that	213	262	279	98
I	182	153	166	171
didn't	172	281	232	561	181	106	225
need	105	224	271	186	165	197
anybody	200	177	359	515	188	257	165	150
else,	240	330	232	164	67	127	153
I	152
thought	210	284	107	206	175	395	190	204
I	203	137	257
could	299	196	213
do	148	199	251	239
it	228	209	79	254	114
for	167	280	365
myself,	246	52	183	213	226	222	326	231	270
I	204
was	405	152	204	145
arrogant	190	639	150	191	218	176	112	248	178	365
and	191	164
vain,	334	142	290	211	215	438	241	124	277
and	165	170
as	163	245	93	120
a	235	149
result	218	282	212	251	84	285	620	182	204
I	
am	161	235	602
now	237	196	498	157	180	152
forced	163	249	167	200	271	233	202	164	309
to	177
go	179	270	214
out	180	236	252	223	210
only	180	185	178	189	99	114
at	248
night,	195	390	257	66	157	102	168
to	247
slink	227	532	282	252	184	152	58	214	234
through	318	175	224	305	63	87	272
the	182
streets	204	431	195	316	212	182	278	320	170	190
of	
Bloomsbury	223	493	397	434	250	242	519	292	229	232
with	211	252	241	278	526
my	141	202	187	271
hideous	291	458	152	354	347	328	607	269	203	240
visage	215	145	90	460	224	322
covered	183	420	276	258	346
by	371
a	184	60	53	207
long,	228	251	234	252	188	64	197	203	256
black	231	99	216	59	187	207
hooded	460	351	310	230	236	347	253	172	172
cloak.	188	249	229	440	203	197	238	191	303
Also,	213	336	417	245	177	414	192	227
since	235	754	227	837	101	203	219
I	188	172	229
have	306	189	421	208	426	279	174
had	140	192	203	104	183	326	535	263	182
time	211	334	189	188	115
to	248	188	243	441	312	188
dwell	97	222	171	225	288	137	171
on	153	94	155	133	284
it	242	146
(though	153	172	215	399	135	305
I	160
admit	184	346	276	202	303	289	157
I	444	244	205
am	174	97	167
perhaps	460	182	363	571	264	206	204	317	178	217
obsessed),	565	225	143	195	342	170	219	291
it	259	92
strikes	680	273	183	164	188	127	219	212
me	171	165	454	175	222	213	221	142
that,	218	324	2063	370	152
in	174	208	95
the	259	262	182	208	219	184
past	221	191	132	164	178	314	409
few	95	190	332	86
months,	165	205
isn't	182	236	163	205	66	146
that	457	711	203	165	231	574	170	174	188
in	161	162	217	199
a	301	105	205	67	148
way	521	142	318	313	535
what	175	166	335	236	489	64	592	195	257
the	167	425
US	200	208	206	97	191
has	588	97	206	165	157	224
been	232	351	167	798	190	265	81	188	166
doing	191	116	232	155	65	83	177	179	220
-	393	226	182
cutting	187	357	244	173	321	366	198	310
its	276	286	576	185	179
own	327	400	178	316	296
hair?	266	166	224	644	209	582
Since	228	275	150	196	232	202	170
September,	162	398	241	187	212	133	147	164	280	422
the	246	120	55	158	166
US	183	267	519	304	191	328	243	203
has	173	269	433	207	595	335	468
in	662	158	218	341	427	213
essence,	216	75	481	356	257	96	309	402	158	664
despite	193	332	443	252	291	158	403	429	190	340
the	218	94	79	175
convenient	185	248	402	427	219	381	396	261	373	443
cloak	177	611	179	242	249	106	455	244	263
of	140	180	394	185
an	155	117	189	159
alliance,	239	338	354	232	60
been	177	229	194	423	182	99
acting	186	643	245	158	475	81	344	187	200
on	191	173
its	515	310	231	227	145	192
own,	195	111	240	381	171	364
unilaterally,	235	395	422	648	232	1010	1099	457	286	349
with	235	269	202	393
no	338	132	154	142	180	246	191	350
recourse	176	454	84	276	173	148	181	637	145	392
to	54	229	88	160	163	278	179
the	93	196	211
collective	203	210	162	144	263	336
advice	363	221	251	246	77	399	321	262
and	129	186
wisdom	208	323	256	246	239	129	210	193	257
of	73	232
those	270	87	240	182	527	207	94
who	247	190	119	219	148	156	140
know	272	257	180	321	172	207	183
a	112	252
lot	269	259	165	94	162	133
more	243	188	204	179
about	188	234	282	77	214	202
the	232	86	131	196	153
situation	164	308	153	185	114	411	475	124	181
than	61	354	138
the	179
US	201	140	192
does	286	241	271	204	406	179
or	417	294	250
who	189	201	265	266	331	318
will	198	241	141	204	180	211	428	182	221
suffer	363	399	201	196	181	541	201	185	148
the	192	182
consequences	187	410	106	261	351	487	217	184	225
of	168
the	204	85	218
US's	183	214	437	245	327	159	112	126	193
actions.	374	181	172	239	577	301	310
At	116	156	229	66
the	346	187
moment	255	146	206	108
we	199
are	407	228	54
in	448	170	179
the	201	241	107	155
first	204	126	283	190	172	396	179	211
days	215	187	133	129	231	193
of	214
the	217	138	474	254	226
new	258	61	404	169
haircut,	564	385	188	244	339	260	378	435
everything	529	235	235	318	310	207	202	455
looks	144	244	616	241
uniform	303	459	133	396	118	325
and	158	249	186	207
smart,	293	420	323	234	207	302	255	376
but	200	94	395
in	231	67	267	261
the	201	151	184	187	152	201	173
coming	387	196	172	156	304	219	188	228
months	185	261	239	176	184	262	297	146	190	229
there	338	181	156	245
is	251	151	235	324	182	195
no	184	133	75
knowing	188	229	191	269	229	455	238	179	356
what	477	229	338	171	202
strange	262	415	170	357	255	333	299	220	182
lumps	106	184	172	220	55	165	308	209
and	152	124	192	228
excrescences	98	485	755	697	910	593	946	344	159
will	371	132
appear,	255	444	394	289	215	315	69	175	499
what	208	194	115
bald	237	281	195	176	432	173	155
patches	246	1143	218	235	219	261	197	183	389
or	187	180	182
ugly	393	235	328	198	249
springy	221	525	399	198	253	212	377	200	216
hairs	297	228	227	280	194	270	164
will	252	169	239	153	164
sprout,	273	446	273	118	276	208	354
what	174	102
obscenities	263	277	354	268	231
will	179
be	178	394	188	272	149
written.	193	378	163	153	233	134	162	257	244	356
Or	171	98
everything	371	394	204	887	392	192	89	305	213	246
might	465	481	303	453	237	317	197	167
turn	186	229	547	312	174	60	173	313	205
out	653	329	464	212	218	511	280	295
OK.	718	188
The	203	89	165	165
fast-food	286	444	337	412	216	138	383	387	355	201
giant	214	80	227	187	182	201	377
McDonald's	494	336	111	400	277	302	177	150	250	387
was	254	120	160	223
taken	365	342	194	364	154	212	51	199
to	104	102	192	192
court	219	186	225	127	337	171	171	208
yesterday	187	406	154	147	238	152	121	169	172
by	201
dozens	390	261	269	338	375	165	264	346
of	229	217
people	252	160	104	385	228	134	192
who	145
claim	156	71
to	237	63	233	96
have	172	171	104	87
been	210	195	169	190	151	144	183	181
scalded	168	343	190	211	291	162	61	487	195	212
by	165	213	143
their	183	78	300	188	182	375	187	230
hot	340	185	149	65	337	181
drinks.	128	221	253	193	129	105	328	457
The	243
36	280	183	313	280	1087	236
victims,	399	187	208	389	155	69	253	426	223
most	223	192	76	142
of	219	188	97	246
whom	65
are	263	114	402	168	287
children,	226	222	126	195	173	216	82	192
claim	229	325	247	249	192	241
that	272	233	185	221
the	57	170	195	122
cups	258	215	201	244	55	218	229	181
used	293	302	350	157
by	186	219	240	171
McDonald's	337	181	275	77	213	356	319	170
were	225	158	223	152
not	317	88	230	250	273	198	297
suitable	191	157	94	260	202	68	229	231	185	213
and	100	184	117	118	85	138	104	124
that	151	141
the	172	197	257	142
tea	178	144	92
and	246	131	307
coffee	214	196	121	285	166	337	200	153
was	236	217	179
too	332	214	183	433	374	248
hot,	283	83	207	222	153	367	324	237
the	104
High	450	236	220	297	226	190	214
Court	186	148	148	164	252	84	172	205
heard.	333	176	108	185	158	168	202	219	262	148
Timothy	195	173	199	243	348	169
Horlock	321	343	170	431	432	362	216	121	370
QC,	80	389	370	93
representing	464	506	97	368	123	177	223	612	601	147
the	78	163	172
group,	188	261	235	252	188	226	222	51	256
said	146	246	331	156	303	169	173	98
children	337	249	182	196	146	356	183	81	468
were	178	178	15	242
particularly	453	452	186	346	241	107	182	258	194	587
at	137	160
risk	222	250	263	215	243	224	192
from	263	335	195	221	74	307
being	324	174	159	712	203	263	454	517	170
scalded,	293	283	268	265	238	217	208	243	217	299
with	213	173	250	137
at	114	153	167	161	122
least	209	242	88	251	241	197	247	176	181
16	191	93	140	173
claimants	231	371	381	312	349	243	157	500	183	243
aged	593	157	191	238	127	255
four	163	185	296	318	482	379	519	188
or	193	181	262
under	286	215	260	296	205	207	462	232
at	189	193	144	223	243	188
the	79	176	203	209
time	166	190	107	104	229	267	258	157	202
of	121
the	133	103	140	126	152	101	132	112
accident.	218	110	393	284	161
'This	256	203	201	243
is	168	180	106
not	193	172	189	179	77	196
surprising	163	236	319	368	206	153	291	468	160	195
since,	116	195	292	224	184	285	292	213
according	331	281	181	212	264	162	219	352	199	436
to	120
the	224
defendant's	383	250	133	456	267	188	182	187	203	372
own	201	175	125	102	193	163
statistics,	244	246	144	265	144	198	144
60	196	190	352
per	452	96	211
cent	241	61	158	158	68	189	300
of	634
accidents	409	345	222	300	257	253	188	204	408
to	188	527
their	373	622	220	424	89	492	85
customers	187	192	145	167	217	500
happen	257	180	225	350	341	322	176
to	204	154	218
children	165	344	152	229	196	222	196	177	274
under	97	132	119	104	146	164
10,'	179	122	216	197
Mr	263	224	121	310	190
Horlock	288	150	190	337	391	289	316
said.	515	165	127	272	183
He	224	197	147	332	219
said	198	271	192	303	471	404	186
the	392	482	220	194	505	185	275
company's	612	340	157	192	216	500	250	164	239
marketing	369	357	179	248	224	355	399	184	322
strategy	203	247	196	253	270	343	197
was	141	131	286	160	200
designed	150	174	310	298	142	176	190	320	200
to	150	180	141
attract	560	174	129
young	180	200	159	77	358
customers.	203	221	182	124	620	188	217	214
He	173	260	170
said	146	172	230	363	129	183
many	196	535	172	321	523	562	368	215
people	366	229	68	811	130	83
did	251	159	206	168	283	208
not	204	158	165	466	186	186
realise	164	401	188	202	281	356	196	205
the	215	288	186	196	188
drinks	200	183	229	269	301	243
served	183	258	181	108	268	190	252
at	154	177
McDonald's	258	256	253	203	150	255	240	310	177	363
were	277	178	205	125	228	178	216
often	408	157	152	197	177	187	150
far	212	282	180	165	249	178	145
hotter	408	324	190	304	176	249	219	149	208	468
than	319	106	247	255	321	206	124
at	180	236	399
home.	438	251	95	185	162	122	534	348
'There	283	162	228	157	432	204	205
was	191	210	226	218
no	192	131	204	367	232	179	118
expectation	230	239	174	204	188	201	100	192	165	368
on	196	196
the	321	190
part	70	131	77	78	210
of	172	107	67
the	229	185	210
general	231	188	189	267	180	182	496	206	207	219
public	336	248	230	172	82	223
that	200	181	187	388	201	225	167
a	
burn	352	155	172	272	396	244	194
from	278	141	248	264	263	375	161
one	530	185	165	168
of	249	190	317	197
these	226	337	85	224	170
drinks	250	418	123	126	187	104	109	157	195
could	108	346	119	127	108	81	146	207	149
result	235	366	175	180	89
in	90	187
injuries	340	228	241	215	207	327	156	231	231
needing	301	188	242	248	259	442	268	194
skin	299	199	394	354	212	381	200	214	224
grafts,'	172	298	332	242	159	93	290	149	397
Mr	487	227	168	291
Horlock	210	160	175	138	139	202	247
said.	337	205	63	203	77	227
Mr	220	214
Horlock	240	355	186	356	56	146	257
told	137	164	109	78	205	154
the	111
preliminary	133	169	97	339
hearing	186	204	237	180	495	170	219	185
that	217	128	153
McDonald's	199	342	214	240	67	209	237
was	188	191	162	294	202
aware	153	135	217	159	166	196
of	
the	198	224	222	178	69	157
danger	185	89	127	153	97	162	221
and	127	317	196
was	146	182	151	307	79	54
negligent	219	321	232	393
in	571	193	220	169
not	180	217	190	210
taking	221	613	169	349	155	481	277	229	420
measures	245	232	177	263	132	356	336	177	197
to	392	127	65	204
protect	372	219	271	245	160	121	328	183
its	557	145	525	222
customers.	219	259	102	216	182	332	523	177	193
He	155	242	296	150
said	197	231	259	320	113	722
the	325	229	220	523	266
average	181	454	230	131	188	556	170	478
temperature	233	389	165	187	282	214	423	240	239	242
of	148
drinks	229	188	257	184	183	175	135	238	164	246
served	278	185	200	202	114	208	102	186	184
in	201	240
McDonald's	202	251	163	205	170	83	202	235	197	248
machines	180	287	189	206	229	165	252	260	188	324
ranged	380	186	339	179	274	160	209
from	137	202	176
75C	184	206	120	444	321	306	282	132	252	216
to	236	152	226	574
90C.	505	68	193	577	200	267	369	268	328
McDonald's	250	680	128	258	187	71	55	171	182
is	261	277
contesting	716	593	236	762	243	542	243	951	388	268
the	218
action.	525	467	259	420	123	429	239	202	516
In	82	236
1994,	349	111	294	283	403	385	211
it	256	255
settled	290	703	211	238	273	252	63	258
a	177	228
case	204	321	185	246	279	174	296
with	212	182	483	250
a	
woman	196	861	109	274	245	64	320	173	141
who	166	118	69	71	94	181
claimed	272	245	150	52
she	195
suffered	253	67	266	194	388	219	184	180
serious	207	293	435	229	363	167	176	233
burns	363	144	248	167	78	122	236
after	168	221	176	181	165	151	163	177	234
spilling	217	185	224	167	143	452	199	175
coffee	188	304	440	174	148	142	124	158	169
bought	182	206	62	183	159	150	331	252
from	179	371	181	87	107	304	207	145	101	218
a	54	264	167
McDonald's	194	162	174	198	201
in	83	235
New	297	187	247	201	139	243
Mexico.	303	165	122	232	125	71	365	241	262	304
She	170
was	199	172	245	224	260	258
awarded	187	627	113	210	168	267	262	208
$2.9m	684	192	107	545	514	646	200	302	297	229
(2m)	604	856	179	444	237	316	79	465	188	365
by	243	171	52	186	276
a	269
jury,	252	200	262	400	306	131	324	189	293
which	462	563	158	214	230	245	146
was	85	343	179	107	398
reduced	280	269	198	284	319	236
to	222	599	116	155	171
$640,000	311	645	290	2142	386	311	416	925	280	568
(450,000)	387	174	207	1963	169	805	214	782	196	220
on	505	181
appeal.	472	286	221	251	227	171	278	489	158	210
The	271	464	156
hearing	226	142	287	489	292	105	456	447	211	175
continues	247	272	248	279	233	630	430	188	313	200
today.	374	54	286	271	324	494	351	197
