At	213	255	260
present	82	285	421	266	462	196	176	410
I	156
am	179	163	208	179
trying	310	184	270	188	165	70	137	263
to	127
write	199	184	254	214	234	237	210	222
my	146	112	298
first	294	176	219	151	85	595	281
serious	173	205	261	227	284	207	515	139	378
novel,	145	274	127	202	140	104	201
a	235
process	210	156	329	224	219	513	271	196	378
that	145	201	243
seems	179	238	118	100	156	435	317	277	358
to	183	72
involve	51	156	413	425
endless	316	443	168	530	207
displacement	248	324	670	397	188	197	449	1155	367	438
activity,	267	177	414	327	146	71	127	382	484	331
and	105	150
I	243	171
find	173	283	444	212	339	166	104	267	408	186
that	363	157	188	189	303	206	433
if	245
I	269	227
switch	268	146	173	270	287	159	190	247	146	484
The	171	125	304	466	247
Bill	164	226	139	352	175	147	102
on	164	197	172	273	160
at	249
9am	210	328	264	204
on	170	209	489	268	177	221	319	144
UK	193	63	224	169	188
Gold,	147	349	490	180	328
I	
am	304	304	236	79
all	204	141	302
too	180	206	774	149	318	97
likely	167	397	218	311	180	368	321	245
to	72
be	439	147
still	170	284	361	185	211	382	210	179
watching	222	165	416	174	245	243	128
hours	159	150	229	234	202	193
later	192	205	89	125	438	369	193	173
as	200	75	221	302
the	125	135	62	179	271	118	340	185
schedule	625	176	138	173	317
swings	213	169	618	181	206	94	239	222
its	253	208	380
way	207	221	208	536	284
through	63	245	282	921	153	354	203	344
hospital	199	318	886	153	201	294	265	252
emergency	381	182	208	868	204	81	168	166	230
rooms	226	188	402	174	152	196
and	166	380
Australian	469	182	364	956	365	281	117	222	232
soaps	136	530	195
that	254	224
would	114	59	124	96	241
have	328	201	101	174	136	174	134	184
sent	168	129	151	300	265	202	229
me	267	164	101
screaming	217	380	289	196	623	376	448	330
from	138	242	213	127
the	177	200	82	283	137
room	175	229
when	150	212	67	315	306	217	383	384
they	297	266	152	371
were	195	208	354	163	459	213	658
first	159	195	256	173	145	119	350
screened	341	239	124	288	407	348	458	299	1293
but	359	157	163	361
that	208	176	170	135	246	212	247	311
now	191	358	166	186	176	485
exert	164	208	556	931	235	294	695
a	128	78	281	175	151
compelling	235	229	231	306	170	273	510	159	200	690
'must	264	152	275	126	167	96	188	169
see	287	193	188	228
what	218	158	200	184	210	190	177	136	172
happens	334	183	238	176	229	187	203	201	136	179
next'	148	160	242	262	216	163
force	242	251	175	218	302	176	351	289	330
on	
me.	188	191	98	248	135	476	211
If	76	161	125
you	65	203	140
watch	252	163	171	71	1471	197	196
too	85	173	549	211	110
much	333	188	222	227	157	1043	329
daytime	378	264	336	201	184	484	554	203	192
television,	181	229	153	176	118	174	452	736	320	203
you	208	188
soon	133	298	158	229	188	362	179	226
become	187	156	191	186	422	156	490	184	206
aware	174	193	151	189	102	153	183	209	188
that	132	208	290	121	225
the	148	92	208	77	208	133	202	381
commercials	260	167	163
in	
the	141	213	197	328
advertising	63	354	288	389	266	314	336	208	229
breaks	243	264	237	259	225	221	152	162	223
are	264	138	163
aimed	191	218	303	363	243	402	281	164	291
very	68	197	219	140
much	186	138	205	184	229	147
at	239	144	133	146	230
people	146	278	357	334	158	151
who,	185	214	189	142	101	271	165	131
to	112	110	231	107	253
say	140	142	170	185
the	
least,	124	182	140	205	213
are	
likely	221	219	224	229	278	332
to	154
have	119	198	264	161	788	187
trouble	244	183	289	215	190	264	190	149
with	148	185	118	190
their	381	167	254	214	239	122	216	184
finances.	243	229	235	444	370	444	334	606	413
There	206	281	161	206	261
are	203	201	153
ads	198	223	121	145	144	322
for	278	82	157	129	166
personal-injury	394	374	478	225	450	222	434
lawyers	285	201	250	242	584	523
encouraging	160	106	219	344	591	379	611	478
various	304	224	220	294	286	258
mugwumps	1047	172	217	1095	229	849	651	289
to	285	458	231
try	479	372	200	756
and	345	334	405
claim	171	170	221	346	234	392
compo	440	419	247	198	640	197	596	320
for	245	222	371	130
'accidents'	275	332	428	281	393	294	323	541	216	310
that	137	182	80
they've	191	213	228	364	212	200	208	501	171	372
supposedly	172	226	190	360	174	198	229	179	180	219
had.	210	177	203	371
There	228	256	310	230	381	520	117	152	177
are	173	333	200	354	122	174
loads	198	259	147	275	205	122	254	127	170	203
of	
companies	128	261	236	253	269	196	287	264	245	253
offering	156	224	127	184	254	179	338	186	202
loans,	179	303	247	279
encouraging	200	250	486	375	345	272	375	186	409	551
other	403	303	219	205	194
mugwumps	278	453	493	958	240	557	850	395	727
to	87	168
borrow	228	223	282	166	468	231	247	238	293
huge	185	233	204	239	61
sums	216	190	1309	243	410	93	175	179	304
of	164	511
money	213	243	206	191	183	160	163	198
to	188	239
buy	198	187	62	190	156	334
essential	125	577	82	350	156	186	622	409	153
items	147	211	244	250	226	311
like	187	195
conservatory	199	262	165	422	210	445	470	820	246	416
extensions	223	214	403	278	257	110	79	600	188	306
for	146	178	157
their	257	134	179	124	198	155	187	189	214
10th-floor	218	355	364	649	244	326	415	384	195	363
council	364	363	229	360	213	188	178	443
flats	147	142	212	174	193	79	174	232	183
or	264	229	107	256
their	100	146	210	609	115	253
own	183	533
rocket	482	616	398	289	398	250	162
or	94	271	166
trampoline	238	190	427	1116	216	293	893	390	206	749
lessons	153	319	259	670	210	230	263	108	254
for	471	146
their	191	176	145	299	194	218	214	522	169	221
cat.	257	183	330	324	144	203	252	169
Another	182	200	188	207	610	195	267	352
type	158	196	118	180	400	223	157
of	115	66
ad	384	273	235	331	349
aimed	340	173	444	369	239	224	150	275
at	106	205	231	191
the	302
financially	158	228
challenged	229	292	240	248	177	215
is	98
for	174	120	399	320
firms	164	186	178	259	334	175	225
with	230	151	156
names	206	271	189	257	197	315
such	204	137	156	230	259	190
as	167	246	55	256	206
Yes,	266	100	435	172	597	167	189
Car	270	403	241	162	51	500
Credit,	382	745	387	557	354	640	508
which	250	120	129	193	310
offer	190	167	133	205	451	174	270	193
to	190	263	315
provide	316	196	201	229	175	206	156	315	135	241
newish	692	212	238	246	219	413	262	164
cars	187	276	240	222	420	179	191	353
for	79	69	161
people	159	372	256	209	328	66	698	181	199
who	174	177	97
absolutely	212	263	203	275	213	322	283	111	178	293
nobody	183	190	200	240	190	277	124	203
else	247	171	162	221	332	103	353
will	119	272	108	302	107	229	148	285	74
sell	188	198	174	481
cars	433	157	349	101
to	121	354
(and,	254	398	311	155	738	605	90	621
let's	232	337	182	518	258	171	143
face	249	199	263	210	164	154	162
it,	98	230	310
car	199	168	218	171	215	284
salesmen	248	230	369	370	96	390	173	174	397
are	255	258	210
not	161	229	281	239	181	251
really	361	213	170	275	158	187	291	174	184
that	169	194	207	170	378	220	635	182
choosy);	210	288	278	361	186	274	642	244	361	508
there's	161	243	575
one	181	89
interesting	205	203	531	242	216	371	295	1598	143	345
feature	232	190	197	308	143	212	444	187	187
of	108	473
these	204	475	138	273	552	160	215
particular	137	248	433	428	165	157	532	579	146	374
commercials	221	223	307	204	197	92	451	176	266	292
-	
all	120	331	207
the	191	188	161	229	119	55	176	204
blokes	173	377	94	150	101	234	164	141
in	
them	178	186	241	205
have	247	559	566
big	224	127	302	421	187
fat	166	312	264	204	230
wives;	382	342	365	448	287	597	382	364	184
I	421	304
guess	212	225	274	201	176	229
that	190	103	1094	80
they	147	208	164	237	107	363	169	143
know	181	272	175	241	165	194	196
their	185	199	213	264	295	247	169
market	254	229	217	215	186	207	180	282
and	174	280	147
the	171	169	150	166	101	375
only	201	70	190	162	175	236
fantasy	174	203	296	545	159
aspect	208	266	267	188	185
is	195	390
connected	439	430	297	234	281	72	744	164	247
with	250	202	422	99	184	70
the	327	154	164	513	259	148
cars.	172	342	336	230	238	249	256
And	194
finally	262	206	338	340	92	140	195	242
in	207	284	170	216
every	521	219	172	167	529
break	168	407	249	219	193	288	52	305
there	558	351	272	243	234	147
are	452	119	252	94	247	212	448	218	151
several	240	163	133	300	156	161	126	186
adverts	222	273	194	216	179	220	225	283	179	270
from	218	238
companies	207	220	168	331	238	481	343	276	389	432
with	95	250
names	234	273	233	225	238	150	347	200	151
such	183	161	221	207	248	168	160	159
as	179	152	192
Baines	181	399	404	256	267	263	659	333	228	279
&	139	226
Ernst	314	294	166	202	58	140	271	299
that	177	333	377	219
offer	296	234	411	104	127
to	75	331
combine	175	100	171	97	173	57
all	203	185	187
the	187	112	206
debts	463	316	228	188	170	268	367	224	137
that	121	160	204	179
you've	193	172	241	152	195	233	119	242
acquired	189	243	186	210	147	261	388	269	184	191
from	122	136	86	101
making	231	178	378	331	249	126	178	221	189	459
stupid	169	87	275	209	185	201	285	171	435
purchases,	192	403	88	168	211	255	130	293
paying	209	240	324	295	522
way	179	214	146	57	187
too	286	192	88	354	193
much	345	272	167	190	200	226
for	178	150	309
a	219	186	197	190
T-reg	156	240	446	411	241	210	642	183	362	260
Vauxhall	271	218	265	244	278	142	225	167	396
Astra	233	146	264	198	257	368	288	160	240
and	254
trying	193	234	197	114	452	368	184	223
to	153	87	367
sue	260	170	389	337	257	267	224
gravity	334	342	282	417	226	271	648	182	390
for	187	61	70	166	74	103
making	180	166	125	150	153
you	186	223
fall	339	157	296	115	265	236
over,	305	213	345	183	212	158	255	224
into	184	184	191	147	477	154
one	266	177	204	301	194	184
single	217	428	521	470	166	181	233	252
loan	183	172	175	490	281	367	336	189	179	133
that	236	210	243	257	130
you	375	175	94	184	144	200	522	151
owe	370	282	181	405	361	166	278
them	161	193	299	213	247	436	617
rather	333	329	169	430	106	417	82	247	244
than	207	64	230	272	272
your	148	71	177	176	277	246	181	141
several	138	133	60	301	60	97
hundred	310	212	226	128	211	109	181
creditors.	441	372	122	71	489	369	183	415
However,	152	63	194	226	228	124	389	199	245
an	221	193
interesting	153	359	321	340	190	357	404	210	234	318
sideline	181	244	199	345	225	299	384	373	182	260
that	177	329	215	295	638	163	318
these	224	428	170	174	206	261	760	136	157
companies	230	277	148	229	211	242	285	221	198
provide	173	219	182	166	121	128	113	182	60
is	131	68	168
that	104	172	218	155
they	176	246	165	176	209	225
also	142	181	252	491	142	162
offer	191	199	168	207	191	142	270	132	201
to	120
combine	199	268	226	233	218	214	159	180	192
all	174	198	449
your	191	184	204	197	280	178	225
moral	373	226	169	378	176	557	133	188
debts	193	149	204	220	104	293	182	241
into	218	77	130	53	216	468	131	181
one	117	333	229
big	125	228	140	180	175
moral	133	211	188	211	80	322	133
debt	223	185	214	351	158	160	193	149
that	97	227	265	198
you	197	379	258	158	206	166	522
owe	181	177	205	213	228	232	224	175	339
them.	143	186	477	617	110	270	193	376	184	340
So	243
now	195	234	221	452	364	210
I	208	235	83	118
have	152	170	198	153	468	155	185
to	231	169	195
drive	212	198	193	341	256	383	400	356	173
Baines	452	350	311	376	251	112	361	164	262	297
and	160
Ernst	180	164	137	224	306	298	146	140	232
to	100	93	139
the	211	171	141	327
airport	141	131	165	203
every	153	234	204	127	111	165	123
week,	310	422	369	128	147	282	186
I	153	168
have	197	400	224	187	128
to	235	162	382	243
clean	219	193	216	215	275	174	213
their	220	182	175	265	131	395	279	124	181
carpet	610	218	160	201	174	188	590	169	171
and	100
I	193	146	176
must	122	110	213	123	472	190	209
never	225	167	285	302	209
ever	246	190	126	149	211	121	173
look	76	65	68	127	62	87	321
at	154
another	53	77
woman	414	207	229	276	193
except	282	253	346	222	123	194	195
Baines	203	170	325	238	367	190	197
and	163	266	191
Ernst.	160	186	253	724	180	483	187	229	290
I	
also	189	204	236	555	271	397	146
have	174	145	300	191	416	143	128
to	205	249
apologise	239	301	214	311	175	402	220	428	208
to	176	426
them	153	178	183	203	203	137	258
for	100	204	145	514	130
stopping	598	190	216	456	56	200	178
this	219	78	235
column	473	271	726	437	225	172	342
for	147	406	190	168
a	163	232	219	282	91
while.	361	242	149	186	186	553
While	225	218	186	309	217	166
doing	218	143	91	469	148	201	188
press	199	218	183	382	258
promotion	218	320	201	246	351	353	380	273
for	353	323	363
my	133	438	132	80	556	294
new	369	301	306	250	103
collection	210	266	438	169	195	409	450	202	325
of	
short	192	158	215	161	113	231	487	156	249
stories,	240	259	188	318	165	294	344	183	162	255
which	189	190	199	96	192	206
was	197	63	155
released	210	393	330	306	200	222	174	192	132	227
in	
August,	113	237	198	245	203	212	395	185	346
I	
would	171	224	215	269	203	246	191	190	225
tell	81	76	306	60	156	113	421	150	106
journalists	171	380	305	243	80	156
interviewing	204	226	666	440	166	97	365	188	244
me	161
that,	154	173	266	432	189	318	195	163	348
with	211	146	202	187	155
my	129	227	113	169
first	249	238	210	232	227	264	110	150	176
collection	217	185	304	168	161	104	164	177	170
of	258	217	232	174
stories,	221	368	248	236	236	218	271
Barcelona	221	203	175	335	222	355	215	575	261	240
Plates,	623	243	374	100	541	291	489
selling	216	261	146	104	441	485
over	228	204	269
50,000	274	292	310	208	224	142	404	342	175	540
copies	188	240	316	188	122	238	184	150
and	140	323
this	186	207	190	129	667	1087	196	334
new	184	116	297	271
one,	170	225	278	326	302	230	194	419
The	
Dog	270	202	203	186	176	93	229	234
Catcher,	287	175	164	248	185	229	343	195	346	259
doing	172	243	209	165	174	723	370	165	215
over	97	103	80	193	125	166	82	158
15,000	206	165	397	72
in	118	171	191
hardback	204	266	518	231	216	537	644	225	210
in	244
six	214	254	257	258	256
weeks,	268	457	213	229	197	336	229	190
I	
was	257	152
the	188	307	492	248	165
most	224	185	176	195	153	246	188	159	187
successful	271	308	163	151	212	231	169	169	182	191
short-story	215	307	325	351	294	345	359	287	196	375
writer	164	250	227	186	539	350	200	163	172
in	467	154	156	164	94
Britain	274	271	217	213	72	124
since	225	167	188	248	153
the	202	204	245	178
war.	151	342	81	111	258
Now,	230	139	159	156	221	223	400
amazingly,	176	386	331	547	213	357	656	601	246	221
it	95
turns	197	239	510	225	319	313	266	311
out	163	256	447	271
that	186	176	363	186	137
this	238	180	274	358	127	386	132	176	307
might	226	126	179	264	218	230	221	351
actually	567	280	308	267	348	459	313	257	126	468
be	192	134	404	176
true!	88	334	173	492	206	158	232	427	195
I	236
never	308	334	449	173	153	415	393	167
expected	190	230	170	849	156	160	109	250	153
that.	141	205	175	541	77	236	132
Of	170
course,	165	245	199	767	150	55	296	189	194
the	153
fact	281	271	236	423	166	202	134	204
is	179	373	309
that	174	146	555	345	466
these	281	192	201	487	207	122	280	465	196
numbers	186	162	707	87	98	88	189	179
that	160	90	119	117	196	122	136	262	152
I	
have	109	138	186	216	256
been	313
bragging	310	178	368	188	384	379	171	315
about	220	214	188	194	215
would	103	245	159	480	407	170	216
be	173	177	127	164	150
considered	260	186	200	172	266	271	347	187	211	212
totally	218	231	451	201	429	94	176	197	270
piddling	119	422	215	115	217	427	934	651	195	301
in	188
any	181	188	252	188	182	126	187
other	95	174	268	131	110
field	239	83	392	124	189	219	151
of	51
the	231	130	91
media	241	201	242	270	293	445	175	183
that	205	394	243	153
I've	156	189	411	209	165	286
been	197	171	179
involved	231	542	184	332	190	142	287	384	158	229
in,	180	162	162	122
but	243	140	557	163
in	114	200	233	295
publishing	348	399	286	146	229	298	634	263	169
these	166	229	149	222	218	234	304
numbers	53	212	71	255	204	392	236
denote	145	221	158	188	79
a	
major	134	261	186	324	115	143	172
smash	351	290	198	159	278	187
hit,	141	134	233	584
partly	236	710	211	666	202
because	236	185	83	126	343	194
very	199	124	93	228
few	261	224	134	156
people	296	118	138	572	607	115
buy	73	255	209
collections	415	349	372	254	620	356	490	195
of	56	208	253	146
short	187	166	275	198	988
stories.	180	153	243
I	
think	188	441	239	140	126
I	
have	431	635	572	216	184
finally	168	419	495	296	136	275	238	199
found	353	201	252	191
the	160	166	206	163	263	174
artistic	225	256	495	264	149	210	215	206
field	225	271	197	120	378	370
that	196	160	214	339	370	137
I	166
should	325	642	286	255	511	261
be	204	174	171	229
in,	214	145	370	203	142
a	389	132	278
field	229	179	205	189	214	188	557	185	146
where	132	207	155	112	182	343
tiny	174	330	175	363
numbers	217	285	278	318	155	168	191	181	556
still	156	192	227	160	303
denote	233	410	221	144	311	195	200
huge	198	354	169	214	169	185
success,	142	216	226	60	280	279	414
where	187	231	191	646	222
the	342	232	167	270	144	178
minuscule	109	201	133	157	376	399	444	181	223
number	119	251	66	115	832	516
of	
twisted,	267	232	364	413	197	195	265
supercilious	184	296	684	387	276	336	343	437	295	259
malcontents	339	424	718	317	404	311	651	317	548
who	235
find	316	203	151	519	272	145	611	272	146	427
me	264	207	349
funny	137	196	257	189	163	275	166	251
can	167	276	241	324	459	173
make	266	175	85	304	184	222	288	167	313
a	127	70
gigantic	160	146	383	322	200	162
difference	221	222	200	238	261	135	376	178	350
to	
the	179	197	229	406	153
percentages	219	333	255	307	186	429	1332	327	196
of	54
sales	164	510	280	209	174	207	169
figures.	245	239	299	371	176	151	693	172	279
Once	219	163	426	269	241
I	168	197	277	185
might	136	181	111	212	306	378	188	183
have	180	116	191	106	220	158	157	142
sneered	118	169	363	515	342	358	245
at	
this,	305	182	182	108	229	196	535
but	184	197	235
my	186	160	212	333
sense	323	205	183	250	305	441	254	169	87
now,	247	269	162	148	175	198	360	377
which	158	194	190	243	210	205	168	342
has	159	197
been	484	283	223	254	240	338	213
arrived	232	309	229	229	148	191	178	321	312
at	172	238
over	269	232	136	204	235	408	171	388
years	196	212	297	214	233	60	200	156	167
of	91	140	102	142
an	171	151	178	180
up-and-down	219	274	185	64	223	527	109	207
showbusiness	172	332	581	237	237	275	343	180
career,	206	307	201	298	190	146	653	422	201	548
is	98	262
that	156	62	225	167	216	404	180
success	208	205	448	186	303	217	253	314	164
is	188	267	201
success,	217	173	434	276	327	206	59	242	307
and	56	138	178	322
whatever	217	598	421	442	472	298	731	366	451
denotes	241	278	164	352	204	263	246	135	295	264
success	164	194	223	175	221	281	132	189	231
makes	231	228	365	189
you	174	233	246	290	262	187
feel	178	290	189	243	181	166
much	301	203	176	259	169	340	143
better	180	295	250	199	188	202
and	300
if	218	347	63	195	227
you	235	228	148	198	305
are	90	247	194	90	96	155	205
feeling	150	212	168	184	162	122	390	106
good	133	116	137	137	557	236
about	184	118	159	129	249	517	185	141
yourself	145	61	146	219	330
that	178	177	228	198
feeling	172	254	198	319	179	314	229	243
is	192
reflected	202	261	214	364	262	269	679	211	198	459
in	193
numerous	235	271	207	276	257	257	811	198	294
ways.	238	139	233	78	346	210	227
I	
remember	209	286	375	246	245	649	216	132	210	184
years	136	229	184	158	270	272	224	245
ago	217	103	120	246
that	187	355	315	229
I	71	159
visited	408	278	78	200
a	178	161
restaurant	221	255	274	293	229	157	111	218	236	311
in	67
Covent	211	217	338	231	236	215	296	276	178	252
Garden	151	188	358	239
with	149	139	54
Lenny	271	275	327	328	257	150	749	71	359
Henry.	344	306	222	121	647	208	208
We	181	193
had	204	52	175	156	358	220	196
just	112	188	202	169	199	107	159	230
done	214	150	65	63	69
a	150	122
TV	224	170
show	188	163	159	132	101	200
together	160	285	181	86	91
called	216	218	178	541	296	204
OTT	322	189	255	255	128
which	199	245	254	680	185	361	420	277	308
had	170	185	246
caused	191	202	188	674	270	142	162
a	182	117	69	145
big	171	93	161	186	131	190	425
furore	172	182	77	146	270	492	354
and	134	135	237
had	199	176	167	112	182	164	184
been	128	137	81	117	104	264	362	329	214
a	84	178
disaster	151	264	188	251	157
so	157	198
big	222	55
that	218	388	170	176	54	99
I'd	173	171	232	188	311
returned	229	195	217	654	243	214	68
from	193	208
Birmingham	152	321	271	306	278	149	95
where	185	185	450	188	82	271
the	192	145
show	169	192	181	168	133
was	199	93	188	243
made	123	503	234	186	148
with	474	551	421	110
somebody	224	334	67	314	204	244	342	559	275	163
else's	188	340	99	541	142	227	238	374
tail	284	210	272	182	185	66	430
between	200	221	157	1191	120	204	330	402	349	499
my	129
legs.	234	152	178	333	202	407	130	157	239
This	130	269	248	414	189	248	188
restaurant	612	198	347	771	289	193	354	227	237	153
we	152	234	368	216
went	217	223	215	269	312	362	397
to	174	379
made	236	82	253	235	469	88	188	171
a	148	202	199
big	69	246	160	140	242	63	234
deal	171	58	194	183	703	163	117	79
of	72	237
its	76	101	99
visitors'	193	175	259	213	252	642	295	109	274
book,	230	270	269	171	113	89	58	271	487
which	173	167	321	284
they	190	280	155	184	135	331	507	173	186
nagged	220	317	237	271	278	156	360
me	212	162	224	131
into	356	182	196	321	146	520	222
signing.	182	276	183	308	187	635	166	344	534
A	
few	263	227	329	187	246
years	200	181	86	147	616	193	217	442
later	134	212	112	194	147	138	434	138
I	282	243
happened	154	78	552	188	162	219
to	
revisit	294	229	122	212	471	188	202
this	179	300	190	155	92
place	207	179	188	114	85	193	191
at	158	167
a	253
time	206	256	193	126	102	308	293
when	111	205	227	181	114
I	
had	208	144	191	254	284	208	333
my	341	231	111	256	186
own	355
hit	279	239	238	191	151	105	176	191	346
television	135	244	157	276	179	112	405	243	161	239
series	152	159	235	147	146	201	240	128	230
and	280	90
was	64
feeling	249	281	145	399	207	174	179
on	54
top	299	512	130
of	202	225	175	174	138
the	171	205
world	243	168	161	95	259	155	114	230
with	173	214	185	171
a	170	101
string	212	169	169	195	305	204	361
of	209	213	184
awards	221	271	196	221	440	378	192	271
and	165	179
massive	393	388	245	225	102	471	247	216	326
viewing	358	218	118	150	166	315	303	234	245
figures.	255	302	368	140	183
Flipping	193	429	290	215	175	209
back	187	254
through	191	203	559	189	180	336	166	196	335
the	
pages	182	253	180	218	188	166	210	194
of	
the	206	214	267
restaurant's	188	331	306	214	119	135	193	195	261
visitors'	161	271	194	217	353	158	215	326
book,	186	481	315	254	287	130
I	169	501	193	164	266
was	214	157	229	301	245	209
able	210	339	217	157	185
to	186	298	161	197	190
compare	264	231	371	223	179	266	343	205
my	227	274	169
signatures,	155	468	259	1327	144	254	196	385	170	444
then	290	171	176	477	234
and	255	213	360	243	152	355	184	150
now.	84	110	267	101
Looking	238	350	193	582	474	214	216	221	247
back	437	104	406	122	213	200
at	198
the	151	209	100	362	230	87	54
first	91	103	348	154	195	174	208	173	295
it	167	139
was	226	192	123	85	181	452
tiny,	181	358
crabbed,	246	262	264	259	234	297	623	235	615
tentative	315	216	423	345	242	289	567	350	299	568
and	
spidery	273	223	291	457	351	242	430	456	146	149
reflecting	244	357	254	223	210	59	919	191	556
my	219	55
feeble	477	202	217	271	95	289	273	194	497
doubting	615	460	507	246	296	241	127	1049	172	690
inner	244	243	157	281	324
state,	217	281	294	210	170	206
while	155	208	363	190
my	181	285
second	202	162	224	224	108	186	177	349
autograph	211	185	284	257	216	212	471	229	167
was	171
bold	192	169	214	218	436	915	190	332
and	206	209	289	302	68
flowing,	224	229	244	210	196	256	90	463	191	259
taking	250	497	460	217	218	222	194	216
up	257	356
half	231	400	550	209	141	336	432	331	129	560
a	156	133	146	517
page,	108	104	253	134	106	239
obviously	266	375	273	73	333	174	269
full	154	152	184	122	277	140
of	181
confidence	209	438	468	179	208	294	455	204	232
and	181
self-belief.	276	103	358	199	306	437	1178	119	564
Also,	251	476	203	226	183
for	243	159	204
some	804	173	177	132	283	310	243
reason,	260	349	104	383	63	181	298
on	87
my	165	184	164	147	263	198
first	246	91	89	272	312
visit	174	421	273
to	64
the	219	210	113	83
restaurant	150	200	199	173	167
I	
had	191	237	164	219	56
been	290	534	257	271	278
calling	217	240	485	143	238
myself	310	245	651	192	206	216	591
'Les	202	283	113	380	260	422
Dennis'.	587	423	348	560	190	330	193	450
I	345
don't	244	370	183	323	64	337
know	432	283	540	274
why.	245	231	184	262	216	599	559	311
Anyway,	233	229	599	190	208	405	175	345
because	196	298	200	227	280	405	206	92
I	196
am	55
such	179	287	419	333	171	270	206	177	221
a	162	164
big	256	203	188	184	146	147	180
hit	224	155	220	214	399
as	126	145	222	176	159
an	175	565	351	374	217	175	167
author,	176	187	146	175	213	177	299
I	182
will	307	214	385	168	237	255	170	193	190
be	156	60
leaving	85	205	173	65	243	205	185	388
this	267	120	159	298	183
column	144	229	282	76
for	248
a	200	195
while	255	218	237	109	86	230	208	270
to	184	81
try	198	196	220	157	162	194	210
and	199	192	217
write	200	422	181	210	257	152	170	208	323
that	221	146	52	313	181
Booker-losing	441	546	473	545	430	880	795	159	400	479
novel.	179	131	245	66	226
I	134	256
think	229	157	133	326	255	81	115	235
it's	272	139	93	161	116	94	104	146
a	
good	124	113	150	246	89	170
time	74
to	182	124	210
leave	210	157	142	325	127	226	419	183
newspaper	246	267	459	170	179	478	80	282	378	274
writing	232	323	229	152	387	220	185
for	178	254	55	171
a	206	78	170
while,	160	155	118	188	207	186	215	243
it's	183	198	192	423
not	156	345	295	61	206	187	182
like	187	131	215	201	51	122	318	130
there's	119	127	96	544	156	182	388	371	104
anything	200	96	115	179	179
much	
going	268	269	198	222	162	175	139	178
on	201	167	196
in	177	270	104
the	181	182	167	353	104	162
world	190	171	93	149	233	76	245	207	205
to	180
write	311	376	227	368	228	226	264	365	167
about.	287	65	182	146
Sometimes,	250	365	196	363	469	271	301
you	346	167	141	184
really	179	330	131	119	161	164	189
have	286	183	193	176	142
to	188	360	161
scratch	170	391	357	234	211	352	218	185	458
your	185	234	190	178
head	172	152	241	200	131	178	190	442	171
a	172	114	155
bit.	132	335	144	166	163	417
The	190	188	63
economic	213	151	520	239	209	412	341	357	358
data	362	309	294	141	62	333	242	194
have	103	462	69	181	125	339	134	181
signalled	122	358	593	89	455	99
generally	204	239	327	163	240	415	257	472	239	452
upbeat	314	270	362	100	249	400	541	421	175	419
news.	253	194	206	198	137	193	245
Industrial	237	223	407	427	299	202	255	130	62	236
surveys	178	219	246	469	398	281	400	419	214	511
are	323	227
consistently	161	596	316	516	280	385	389	506	199	471
pointing	241	71	200	480	217	373	262	165	330	314
to	118	61	200	96
recovery,	181	189	412	282	295	170	54	315
even	276	369	171	174	76	209
if	119	67
actual	182	168	575	276	184	107	213	189	276
growth	293	374	269	305	385	449	191	209
in	163	199	162	136
the	188	160	124	162
second	323	494	146	212	242	245	412	164	139
half	178	165	213	185	167	164
of	224	162	229
2001	216	255	218	293	234	453	185	343	141
was	363	155	350	81
rather	110	171	145	171	226	203	180	154
disappointing.	181	51	482	187
Yet	172	104	234
the	176	70
financial	241	410	203	98	402	372	254	325
markets	224	364	308	244	239	372	261	229	195
remain	177	269	108	332	219	243
very	194	243	364	193
sceptical,	171	349	266	219	143	1164	416	359	247
with	190	279	148	372	72	193	112
equities	337	175	422	213	672	507	209	306
lower	177	195	191	468	1181	317
relative	582	152	223	320	558
to	188	276
the	193	203
end	402	264	154	84	255
of	235	193
last	273	181	173	225
year.	169	200	182	250	203
Meanwhile,	258	201	505	241	139	290	108
Messrs	270	293
Greenspan	571	493	288	272	419
and	139
George	396	471	321	296	504
are	394	175	356	258
prepared	239	248	518	136	147	432	160	174	565
only	156	170	206	194	95
to	195	110	87
be	203	175	249	326
cautiously	172	401	447	319	217	187	644	381	374	313
optimistic.	398	472	196	390	253	380	310	242	222	490
Yes,	193	166	181	223	174	243	162
the	184	274	230	110	175	184
worst	209	332	194	273	259	203	174	225
may	172	214	205	472	389
now	207	149	125	329	320
be	182	315	169	346	171	104
behind	127	199	240	194	256	122	136
us.	480
But,	425	178	87	274	77	303
no,	70	243	305
there	410	356	285	467	191
can	221	369	104	404	165
be	179	226	144	312
no	299	207	224	167
guarantees	234	358	407	280	159	176	158	190	385	265
of	64	52
a	307	442
rapid	275	182	249	268	198	260	251	273
return	168	256	219	191	637	583	197
to	309	287	554	166
buoyant	247	333	399	243	148	589	328	237	311
-	218	85	180
and,	146	228	120	162	159	146	187
perhaps,	119	168	219	212	55	316	170
more	297	235	91
importantly	181	262	426	291	222	152	191	353	195	331
-	
sustainable	426	321	523	417	339	249	546	453	251	253
economic	227	401	231	504	273	161	243	416	220	309
growth.	162	152	113	434	178
What	271	195	482	206	87	137
should	193	220	190	261	448	208	325	194	257
we	175	229	163
make	107	413	146	179	140	207
of	204	348
these	333	172	267	418	156
cross	191	164	268	148
currents?	581	290	555	138	160	278	220	750	148	512
There	294	188	262	492
are	413	213	238	512	204
one	219	261	146	491	417	467
or	294	150	248
two	194	535	243	236	165
reasonably	527	361	503	208	256	429	265	194	311
straightforward	339	352	377	292	235	529	668	915	458
conclusions.	243	119	259	608
First,	291	208	197	180	94	282	223
it's	161	244
pretty	165	362	404	223	242	115	261	430	177	220
clear,	66	181	238	190	130	133	99	286
even	77	178	215	292	401	213	127
with	240	171	456	167	181
a	275	266	222	203	194
recovery,	268	209	368	236	428	256	237
there	286	201	392	218
is	252	66	211	373	197
no	263	323	250
immediate	238	675	347	256	253	342	595	349	315
risk	361	99	224	103	117
of	187	214	217	98	185	237	347	185
a	220
return	172	202	184	223	237	123	226	207	287
to	180	278	195
higher	204	245	178	231	170	273	325	295	167	204
interest	156	329	472	96	196	271	516	301	235
rates.	173	173	144	185	71	228	239
If	229	85	403
there	189	174	389	417	169	478	543	328
are	200	213	123
doubts	149	126	243	183	104	223	207	66	310
about	122	165	228	310
the	378
sustainability	210	200	367	328	194	171	780
of	
economic	250	369	245	243	273	195	104	528	187	559
growth,	321	64	315	154	158	179
it	88
would	167	168	116	242	388	278	79	241
be	222	183	174
a	188	134	232	188	111
bit	226	127	116	370	221
odd	247	211	247	148	194	368	200	271
to	215	243	217
take	428	123	375	395	190	242
the	155	160	155	177	304	222
risk	125	175	63	240	224	324
of	72	151	63	159	112	462
raising	146	178	131	445	816	271
interest	655	328	242	294	213	364	87	993	222
rates	213	450	271	165	91	201	201
only	240	228	250	253	87	198	243	362	161
to	183	109	175	126
be	217	165	256	197
blamed	227	164	205	293	294	220	188	192	303
for	164	247	117
creating	218	147	342	213	192	338	460	329	314
a	252
subsequent	246	76	243	177	257	354	139	460	134	322
'double-dip'.	352	159	570	107	276	322	936	181	548
Knee-jerk	474	316	442	391	94	279	265	424
financial	94	264	746	278	256	360	272	224
market	306	322	375	297	156	208	393	170	215
reactions	297	378	969	261	228	273	399	110	228	299
that	264	108	119	249	176
point	256	176	188	324	354	119	269	254	315
to	167	176	246	322
higher	192	206	208	562	237	89	467	177	236
interest	161	268	249	235	193	190	421	291	185	220
rates	160	289	181	169	60	405	117	272	205
at	124	188	257	143
the	331	62	73	291	215	194
first	243	163	636
sign	166	78
of	146	109	31	157
recovery	105	191	56	246	158
should,	203	234	153	230	185	301	311
therefore,	198	101	183	188	56	295	412
be	429	125
dismissed.	280	236	203	89	95	311	81	348
Second,	228	126	321	568	219	302
if	119
the	324	155	222	249
recovery	329	310	265	188	215	319	446	244	302
is	192	354
ultimately	183	248	368	209	406	432	534	361	372
constrained,	230	196	221	229	229	478	271	445	399	304
the	58	192
inflationary	238	647	367	1092	215	1262	1599	1356	379	572
outlook	259	340	310	51	156	214	199	221	443	153
should	162	274	176	138	243	92	288	194	155	216
be	190	205	223
subdued	195	236	196	104	184	397	407	270
for	66	361
a	179	252	156
prolonged	231	177	217	141	392	333	462
period	241	324	201	208	244	191	162	347	176	205
of	242	120	271
time.	259	132	120	303	226	187	206
Indeed,	209	227	308	263	188	188	197	305	186	197
to	272
the	183	412	290	230	82	309	174
extent	249	185	459	296	232	197	483	179	367	181
that	260	144	251	80	80
activity	360	403	749	112	213	154	637	541	168	337
levels	223	195	876	178	113	351	137	475	247	267
remain	175	320	176	243	310	249
below	328	376	198	121	350	195
where	203	175	195	235	178	221	232	188	189
they	199	229	663
should	237	212	224	236	185	364	186	234	152	268
be	235	164	320	160
-	140
either	156	433	228	439	201	595	143	199	173
because	191	143	266	166	433	171	409	257
unemployment	359	176	269	310	174	316	209	370	204
is	107	223
too	247	177	114	178	176	94	349	201	256
high	129	314	87	101	147	163	287
or	187	106	87	159	82
because	223	155	246	173	133
there's	239	253	193	221	190	91	147
plenty	208	261	207	333	136	209	68	204	184
of	138
spare	205	197	432	267	171	482	349	182	169
capacity	362	152	279	368	56	353	798	252	379
-	141
there's	217	267	195	320	251	234	243	185	181	193
a	
good	174	150	151	243	54	253	193	161
chance	162	315	209	135	76	337	160
that	253	191	171	218
inflation	230	181	329	91	58	198	293	345	180	353
may	124	109	646	234
undershoot	623	202	601	193	425
central	222	230	393	255	470	379	203	494
bank	196	399	324	350	165
targets.	217	357	232	873	436	488	340	384
This	190	172	467	193
leads	219	197	343	351	232	631	173	147	169
to	129	295
some	268	188	170	150	184	222
interesting	188	231	223	274	357	243	355	334	205	276
results.	431	273	271	330	141	590	313	237	343
At	175	316	160	176	809	179
the	447	187	200	326	213	195
Bank	218	225	92	148	225	242	119	103
of	208	109	149	140	156
England,	150	140	199	145	126	102	127	118
for	292	112	190
example,	160	224	268	185	274	353	289	195	213
the	216	133	195
corridors	229	179	163	376	238	346	331	222	371	326
are	216	374
still	208	492	188	239	228	172	646	180	179	282
echoing	251	494	187	206	225	94	206	182	205
more	313	91	264	613	114	326
to	120	384	154	268	178	160
the	178	97	111	146	176	550
sound	154	493	176	250	250	248
of	179	190	167
cooing	391	495	465	229	120	90	229	198	221
doves	178	453	211	228	346	243	195	194	138
than	414	194	175	148
screeching	296	250	545	374	226	328	319	478	185	406
hawks.	275	87	332	187	229	143	327	257
Underneath	935	527	224	333	261	443	1028	504	91	329
all	864	275	143	230	346	86	92
of	249	177	184	148
this,	757	100	146	334	143	98	119	181	121	176
however,	196	297	228	412	164	183
is	193
an	175	373	231	227	268	224
issue	216	177	173	267	113	433	193	238	240
about	57	267	211	282
recession	191	479	368	362	299	597	681	556	395	481
and	189	130	216
recovery.	271	436	266	404	192	334	216	234	220
If	70	133	276
the	397	155	190	230	364	252
recession	182	378	233	445	232	233	528	182	170
is	198	166	201	178
shallow,	265	350	199	223	200	341	282	426
what	409	138	285	307
does	119	396	212	122
this	175	149	198	197
say	189	378	142	53	184	198
about	242	213	173	193	216	246	182
the	179	151
subsequent	185	318	217	493	323	316	369	444	304	254
recovery?	176	710	203	295	196	176	249	330	294	326
This	519	201	178	214	254	110	193	396	225
is	129	277	280	217
a	229	229	297	85	176
key	203	168	65	128	300	198	140
question	177	144	175	256	252	78	546	188	121	276
for	104	56	87	240	429	131	103
policy	178	333	143	250	202	74	127	230
makers	60	74	242	331	75	191	167
today.	234	226	297	250	115	328	310	232
The	188	213
downswing	913	359	247	1062	271	51	854	662	276	1313
through	907	238	213	232	69	912	314	73	646
the	185	238	95
course	172	431	226	289	527	445	421	306	455
of	255
2001	194	166	387	466	151	354	176	185
proved	173	591	223	240	260	167	602	214	271
to	148	229	66	273	194
be	318	213	164	313	643	213
relatively	214	551	555	221	370	496	205	281
mild.	159	166	519	251	180	158	197	251	213
Indeed,	198	194	246	231	119	243	417	213	460
as	201	388	120	343
Alan	673	286	142	206	271	228	234	246
Greenspan	202	790	468	393	219	295	665	365	254	318
said	337	236	260	119	269	205
in	184	258	80	243	152	221
his	284	269	160	172
testimony	264	251	414	382	243	186	403	283	178	251
before	187	423	197	336	231	62	374	176	306
Congress	122	176	182	286	373	233	79	261	219	265
last	241
week,	79	202	175	144
'the	196	302	196
recuperative	216	210	924	1059	233	499	795	663	328	812
powers	229	203	430	233	339	210	109	161	337	201
of	180	276	126
the	207	254	202	209	216
US	188	154	185	255
economy	175	199	270	240	81	232	401	301	235	217
...	95
have	181	186	194	109	266	201
been	192	270	128	144	228	336	177	192
remarkable'.	287	161	631	271	166	323	203	620	315	555
Clearly,	248	414	434	243	163	480	235
Mr	339
Greenspan	242	222	990	223	276	267	235	209	284
is	202
hopeful	219	169	321	244	314	559	187	352	261
that	194	59	175	159	506	242
the	115	157	169	195	237
worst	290	313	201	185	217	322	350	164
is	223	125	225
now	422	357	74	447	195	170
over	381	367	201	109	176	123	140	148
and,	172	97	181	116	206
certainly	208	262	148	337	240	209	496	185	284
from	159	132	204	186	73	120	450	140
a	224
data	627	613	285	200
perspective,	248	181	455	428	260	538	188	164	302
there	101	183	248	199	117	189
has	271	301	204	166	243	404	238
been	196	62	169	239
plenty	190	169	267	179	326	345	196	261
of	176	153
good	213	337	176	209	247	229	174	202
news	283	609	135	179	175	188	253
recently.	154	251	707	158	202	98	348	176	397
Yet	162	264	216	223	154	266	65
he	188	229	192	127	225	127	255	171
is	187	185	268	529	237
never	134	109	245	575	160	110
one	199	115	343	203
to	171	164
have	188	202	354
his	168	398	232	136
cake	469	247	405	187	200
and	170	200	181	145
eat	277	283
it.	252	194	168	623	274
Although	170	272	236	221	543	325	195
the	332	173	128
economy	160	209	364	207	403	207	192
did	217	231	184
not	206	380	52	243	117	196	96
perform	311	188	153	372	278	240	303
as	406	105	81
badly	108	230	707	241	186
as	317	108	252
feared	243	142	461	497	344	415	245	150
in	614	135	170
the	289	200	161	604
second	184	405	568	710	142	411	332	447
half	281	270	168	138
of	113	312	183
last	228	186	125	118	449	162	181
year,	140	137	510	154	201	245
the	188	458
US	258	196	397	199	221
Federal	229	274	321	561	382	345	138	231	188	207
Reserve	236	193	359	119	274	274	335	221
chairman	296	350	370	268	201	293	436	233	362	184
was	109	124	222	192	1371	152
quick	266	217	318
to	217
emphasise	277	253	215	149	242	216	227	244
that	154	210	69	417
'an	272	122	173	99	176
array	381	171	221	146	205	371	410	192	284
of	253	150
influences	228	235	269	155	106	371	161	336	236	269
unique	199	367	202	434	193	339	281	62	237
to	244	245
this	221	111	246	229	405	310
business	247	136	166	181	183	310	877	136	145
cycle	229	229	254	68	326
...	237	232
seems	179	189	168	343	222
likely	292	452	168	116	328	179	537	166	208
to	513	144	76	193
moderate	178	181	244	190	199	146	517	453	220	604
the	224	177
speed	232	208	234	261	223	131	212	628
of	149	243	146
the	220	188	188
anticipated	618	171	216	211	382	417	838	516	329	313
recovery'.	224	226	160	427	171	123	98	396	302
Of	202
course,	150	169	129	241
these	150	208	224	231
words	162	560	310	186	178
simply	378	497	210	134	76	228	188	204
emphasise	198	492	279	207	539	324	184	183
that	178	174
Mr	179	188	243
Greenspan	201	536	379	187	256	657	364	183
is	173	282	98
a	221
master	210	198	537	261	231	232
of	
the	155	202	161	205	466	174	351
'on	78	330	138
the	596	421	121	423
one	167	174	132	402	216	199
hand,	139	180	91	152	228
on	201	362
the	180	150	177
other	251	112	263	130	393	275	228
hand'	251	155	306	134	156
approach	209	349	218	250	217	381	255	194
beloved	255	212	226	335	314	358
of	138	188	192
so	229	188	217
many	72	139	197	285	716	324
economists.	336	303	303	271	320	422	938	331
Nevertheless,	213	372	194	167	264	326	349	615	387	466
he	181	114
has	111	423	125	178	229
good	186	215	155	340	98	189	164	172
reasons	151	214	98	406	211	464	230	172	111	387
to	169	104	212	158
remain	73	303	223	230	164	168	197	212
concerned	177	349	351	371	202	227	416	264	367	245
about	176	187	196	356	211	102
the	101	201	327	198	152
medium-term	338	286	342	311	144	657	186	342	336	422
outlook,	177	466	253	208	591	182	274
irrespective	303	615	214	534	254	426	283	275
of	198	102
the	193	268	192	110	180	187
recent	152	200	313	271	160	263	671	444	195
signs	231	218	189	192	218	536	341	238	260
of	83	126
economic	198	244	305	229	177	341	143	613	241	295
improvement.	313	173	181	171	179	490	179	202	301
Here's	201	215	497	227	216	438	325	210	243
a	96	178	110
little	184	184	287	144	184	193	192
story	192	98	211	176	175
for	181	153	126	204
you.	192	136	228	96	209	176	217
A	
country	220	319	79	228	266	64	213	178	212
has	216	108	243	124
just	175	225	201	139	442	163	194	151
been	163	125	331	144	118	187	178	174	59
through	199	232	108	173	209	202	187	207
a	166
prolonged	309	232	218	200	270	557	552	57	293
boom	175	207	177	239	222	361	201
in	101	140	87	98	158	242
economic	667	245	212	171	90	190
activity.	343	175	121	379	219	188
Asset	334	141	168	624	240	834	251	228	164
prices	432	255	185	489	129	53	329	249	514	297
have	255	260	234	140	234	188	178
risen	290	237	248	98	147	325	184	229
rapidly,	545	306	190	301	205	196	162	342	174	301
far	90	188	331	352	177	173
outstripping	245	448	421	370	465	159	474	905	400	368
gains	339	271	555	168	435	300	63	364	184
in	58	102	63
indebtedness,	196	947	983	484	1071	181	630
either	388	884	323	635
for	364	176	435	504	292	116
consumers	605	258	884	221	408	724	422	229
or	310	259
for	125	272	104	135	527
companies.	444	372	464	217	229	332	469	423
The	83	216	205
asset	198	442	680	439	392	528	402	268
price	248	211	416	402	366	958	605	465
bubble	288	220	463	531	157
eventually	218	253	283	279	89	297	525	416	215	380
bursts.	271	207	215	265	188	187	90	333	388	335
There	188	171	328	169	199
are	196	264	253	171
fears	220	249	344	285	226	313	165	278
of	312	360
a	136
collapse	267	393	220	113	188	312	260	338	154	226
in	266	141	243	177
economic	253	204	238	214	249	173	188	333	229	247
activity	390	328	184	156	176	100	248	294	252	221
yet,	333	64	204	198	185	245	148
initially,	181	240	243	688	275	196
these	168	258	370	115	212	177
fears	285	166	206	327	163	211	193	207
prove	222	142	419	256	160	187	178
to	114	229	170	294
be	167	175	102	156
unfounded.	186	425	321	186	148	750	594	196	232	402
Certainly,	183	231	231	66	329	427	417	305	205	248
growth	252	170	260	189	237	479	515	188	186	224
slows	178	412	173	196	186	475	224	348	194
down	165	172	123	546	437	406	178
but,	135	105	122	287	186	93	424
unlike	188	133	80	311	152
other	315	179	156
countries,	268	177	210	222	551	181	331
there	181	185	195	206
is	194	94	208	248	503
no	192	104	171
significant	169	184	275	245	193	129	531	170	256
contraction	222	279	401	304	257	758	772	1225	400	687
in	68	210	242	195
economic	313	232	385	341	181	439	544	586
activity.	182	245	161	392
Indeed,	217	183	206	228	249	301	139	214
on	268	167	213	177	818	152
the	191	201	126	170
so-called	192	502	277	209	233	537	679	190	426	213
'technical	383	269	377	255	239	288	374	306	234	255
definition'	193	198	264	374	444	433	736	396	363	274
(two	148	308	181	182	335	412	66	272
successive	216	368	147	252	417	248	411	132	123	168
quarters	278	326	304	486	237	327	189
of	166
declining	582	205	1249	892	263	1046	606	386	688	621
GDP),	464	950	495	172	722	288	375
recession	245	241	1349	487	301	748	577	246	430
is	199	228	545	459	231
avoided.	622	558	778	224	858	321	423	244	328
Meanwhile,	492	314	946	307	280	839	510	332	232	236
although	452	376	336	450	488	274	498	176	350
asset	293	127	127	311	390	185	310
prices	225	659	209	180	221	450	332	257
come	204	212	83	207	107
down	292	128	184	460	171	250
sharply,	280	105	188	231	99	159	408	468	170	429
consumers	249	250	584	308	249	216	362	232	232	274
continue	236	522	208	196	257	383	547	410	214	206
to	269	200
spend	203	225	307	297	222	260	94	256	146	271
rather	502	230	185	274	193	97	189	202	173
than	316	265	235	186	175	260
save.	150	310	250	205	159	168	436	155
Now,	219	138	185	189	524	337	164
you're	177	181	194	224	197	217
probably	241	162	263	111	239	172	173
thinking	205	201	176	198	79	353	126	159
that	259	171	209	192
this	548	143	182	218	247	236
is	178	183	196	110	264
the	114	92	182	269
US	205	168	108	202	240	171
story	83	314	154	270	191	183	468	165	274
over	171	479	198	184	225	229	207
the	249	186	258	290	226
past	233	173	179	393	182
year	190	243	161	232	72	178	160	184
or	199	202	191	208
so	150	205	146	173	290	149	167
-	146	88
and,	308	375	315
of	263	65	131
course,	168	116	229	171	178
you'd	121	191	206	178
be	330	70	209
absolutely	382	328	347	224	183	223	344	323	174
right.	165	252	178	176	88	88	99	171
Consumers	238	207	228	287	254	166	230	242	174
have	149	225	189	177	190	245	198
carried	218	206	353	249	204	128	608	54	223	121
on	274	148	152	383	79
spending.	192	308	282	107	176	145	216	271	189
The	163	346	229
economy	106	356	193	114
has	140	162	61	246
held	192	548	208	197	120	462	187
up	189	222	238	199
better	176	241	244	272	159	185	325	376	206	229
than	310	138	159	204	148
expected,	165	271	302	221	224	85	236	326	210	179
continuing	383	303	443	339	234	280	195	593	211	260
to	213	273	271
outperform	453	180	347	341	254	194	109	411	253	171
the	176	318	134	226	76	111	236	325
likes	278	202	68	191	101	203
of	243	142	304	182
Germany	243	206
and	236	154
Japan	210	275	229	548	156	181	284
(and,	185	167	173	256	141	438	157	199
for	196	187	258
that	266	690	234	196	225	162	241
matter,	178	188	193	150	494	491	166	178
the	310
UK	228	163	224	204	364	132	264
in	144	54	210	193
the	138	167	187
final	284	104	61	194	265	72	366	202	263
quarter	257	150	78	225	201	466	188	154	197
of	445	338	80	157	373
last	224	399	335	166	487	71	173
year).	231	459	170	225	254	301	217	251
And	211	190	227
the	175	188	203	171	210
dollar	221	196	164	87	389	68	198	200	200
has	103	172	339	82	150
remained	191	217	260	236	219	376	96	741	195	219
strong,	163	349	180	217	160	171	294	229	216
suggesting	197	731	211	234	326	313	278	274	234	235
an	174
international	202	693	372	549	244	173	516	472	440	453
vote	216	270	381	171	180	211	222	160
of	528	58	164
confidence	241	1216	213	243	215	249	179
in	233	137
all	208	225	188	647	226	181	193
things	172	164	128	337	163	221
American.	266	556	484	160	154	79	245	323	246	300
Unfortunately,	204	528	181	398	355	95	260	248	338
however,	202	368	423	157	214	148	571	200	212	261
exactly	197	360	369	284	177	179	313	318	243	223
the	274	123	191
same	158	288	138	266	92	116	117	187	88
observations	99	1084	267	133	129	185	180
could	260	230	124	193
have	574	147	160	215	385	181
been	188	182	241	184	552	241	680	189
made	89	215	310	166
about	189	199	155	207	276	259	391	204
Japan	221	196	219	249	229	183	183	198
at	193
the	181	192	175	147	169
beginning	171	177	265	119	135	190	253	253	137
of	270	133
the	
1990s.	390	300	338	334	215	294	414	358	439
The	102	150	126	341	342	180	143
Japanese	235	920	162	249	106	218	140
bubble	235	491	177	339	231
burst	368	223	267	121	68	106	163	206
at	96	154	168	83
the	124	190	202	391	169	132
end	384	203	101	196	204	166	112
of	128	175	87	309
1989.	472	300	192	283	244	299	422	644	206	384
Equity	195	552	631	315	384	237	265	516	257	477
prices	188	226	349	214	593	311	614	351	238
began	421	217	221	217	303	243	87	209
their	273	254	189	199	175	208	312
relentless	309	218	467	196	191	371	235	225	262	213
decline,	190	599	538	118	257	157	483
followed	191	214	245	482	218
by	205	268	192
land	189	243	182	232	375	189	471
prices	472	448	494	253	416	190	248	234
a	222	281
year	205	386	285	252	665	333
and	170	181	222	169	185
a	174	143	118
half	313	170	188	269	300	394	357
later.	248	342	132	241	338	236
The	217	111	452
initial	457	844	231	334	627	236	375
weakness	621	459	422	344	256	482	910	239	302
in	354	165	412	214
asset	185	402	332	343	538	681	414	186
prices	247	51	174	236	198	445	409	614	176
didn't	235	199	184	142	158	259	165	455
seem	203	221	214	137	131	157	245	185
to	165	91	321	212	371	178
do	189	151	195
too	257	157	118	414	69	389	199
much	180	256	147	188	319	177	72
damage.	196	202	289	254	179	212	354
True,	171	307	153	165	185	255	174	223
the	152	221	63	80	151	99	158	152
economy	290	187	151	264	165	261	121	244
began	141	173	79	81	168
to	130	196	84	158	72	104	111
slow	217	175	297	88
down	144	146	212	163
relative	220	229	316	236	168	130	188	141	210
to	124	153
the	200	217
stellar	273	353	264	260	273	468	230	347	361
performance	217	229	197	341	198	128	328	313	393
seen	701	337
at	262	184	188	227	377	185
the	252	162	216
end	202	113	238	217	183
of	148	206	221
the	188	172	377	80
1980s.	144	242	165	235	571	326	300
However,	157	135	198	241	128	220	201
relative	227	168	205	208	249	212	261	340	195
to	195	183
the	156	152
performance	195	243	427	294	221	370	342	304	293	175
of	
other	323	167	223	171	256	255	196	234
countries,	200	328	173	99	99	448	518	122	196
Japan	168	185	162	589	112	165
continued	199	656	196	395	93	479	577	295
to	146	147	230
do	170	165
well.	169	203	225	300
In	289	257
1990,	176	235	337	256	271	323
Japan	223	232	119	170	365	267
saw	152	168	88	238
5.3	246	247	223	204	407
per	312	346	172	239
cent	183	183	154
growth	197	183	291	201	262	549	251
compared	196	461	188	213	211	255	184	188	308
with	167	196	86	189	289	247
1.8	229	173	192	152
per	292	124	247	93
cent	122	80	185	166	276	205
in	133	257	216	410	236
the	148	162
US	674
and	90	197	222	346	341
0.8	135	295
per	235
cent	213	227	199
in	187	127	181	156	151	176
the	99	288	197
UK.	91	163	159
In	248	217	160	186
1991,	210	466	272	375	286	94
growth	381	278	329	636	321
in	167	201
Japan	179	202	339	337	262
slowed	429	460	187	228	287
to	215	180
3.1	204	256	237	192	316	320
per	104	406	264
cent	146	145	234
but,	214	181	206	251	316
in	230	181	174	139	279	149	206	323
the	
same	161	150	209	148	167	101	182	195	242
year,	152	69	78	128	159
GDP	248	216	136	120	202
fell	209	370	167	160	442	247	290	200	420
0.5	178	169	313	322	143	168	369	442	238	165
per	657	164	175	87	186	382
cent	177	214	650	101	179	98
in	371	218	226	339	173
the	285	169	240	392	232	178	193
US	193	120	191	119	191
and	152	152	141	177	150	186	168
by	166	263	178	169	182	277
1.4	159	258	620	257	383	188	190
per	192	114	130	177	226	170	150	191	55
cent	144	184	296	326	170	188	194
in	103	156	190
the	149	210
UK.	58	194	243	267
Meanwhile,	307	249	352	243	234	120	148	149	341
the	104	199
yen	151	199	248	187	201
began	643	402	188	353	218	597	200	422	333	335
a	526	526	546
steady	310	205	95	177	369	395	259	442	197	244
appreciation.	583	154	435	252	180	355	760	658	346	327
I	188
would	198	247	141	419	201
not	579	203	247	107	608	289	188
want	185	116	224	185	298
to	150	242	188	335	187
suggest	91	244	276	292	111
that	76	186	184	181	183
the	140	227	177
US	188	234	153
is	132	161
about	192	190	295	269	149	252	187	280	218
to	188	146	206
go	263	167	213
down	183	136	244	532	335	379
Japan's	185	324	212	136	331	185	208	182
path.	167	587	202	157	380	199	199	216
There	157	219	191	83	158
are	300	149	125	124	205	154
lots	280	202	122	76	228	150
of	77	181
differences	108	198	216	172	197	85	153	92
-	
in	209
economic	183	173	256	293	222	88	142	193	109
structure,	159	230	380	168	246	325	369	193	264
in	254
the	206	187	235
desire	234	89	302	336	242	430	221	204	194
for	224	455	282	159
profit,	158	153	104	248	220	175	177	242
in	220	168	89	256
the	139	89	216	207
flexibility	64	270	182	251	149
of	
the	162
workforce,	287	296	542	225	419	251	418
in	137
the	356	217
pace	183	228	579	255	131	126
of	188	225	183
productivity	226	412	368	264	258	309	128
growth.	165	809	230	179	445	494
These	122	87	463
imply	271	233	303	717
that	216	189	314	148	74	163
America	207	296	302	152	176	359	355	151	539
is	98	164	138	191
a	211
lot	159	311	184	173	260
better	229	278	229	345	203	159	408	194	182	163
placed	219	377	173	197	514	150	136
to	204	178	238	324	179	161
deal	220	94	101	196	174
with	203	247	201	195	277	238	228	113
the	98	101
consequences	189	408	165	352	273	215	408	430	373
of	
a	131
sustained	203	306	167	130	183	278	345	595	320
decline	143	163	69	59	141	182
in	77	210	227
asset	132	510	223	337	217	202	268
prices.	239	177	765	213	144	116	287	331	533	277
Nevertheless,	283	193	281	121	99	206	160	217	260
Japan's	454	125	232	295	225	312	283	184	233
experience	199	251	332	416	204	386	291	182	224	233
does	162	232	301	279
suggest	290	546	304	174	300	406	268	103
that	131	121	103	182	191
we	84	106	231	317
should	459	210	197	58	146	106
be	112	233
careful	321	133	86	482	61	287	355
in	203	492	186
concluding	212	379	230	335	241	485	633	209	252	507
too	268	178	152
much	153	821	223	270	215	150	293	369	228	219
from	112	156	195
the	140	168	269	172	164	214
initial	224	317	265	265	345	679	227	228	235
stages	268	269	162	317	93	266	230
of	160	70
a	156	156	182
decline	217	187	125	258	184	117	421	146	229
in	101	150
asset	118	215	549	398	300
prices.	209	220	178	179	87	157
The	334	311	229	226
US	216	180
may	171	218	335	85	174	354	151
still	210	424	318	304	159	551	219	240
be	203	152
outperforming	229	247	455	514	230	623	1023	313	384	436
the	
rest	199	137	206	235	151	378	306	246	218
of	91
the	188	55	234	234	165	171
world	148	178	96	231	162	262	305	207
for	110	199	98	248	177
the	177	90	131	133	127	164
time	169	974	295	332	484	167
being.	243	156
But	239	148	248	201	204
can	243	213	876	86	198
we	250	151	144	214	468
really	316	171	490	252	263	284
be	792	195	595	198
sure	209	317	360	196	347
that	192	165	185	765	146	332
this	152	179	366	58	187
story	205	282	329	168	208	198	170
will	274	301	232	126	181
continue	154	409	950	177	329	432	620	269
in	519
the	188	107	232	235	138
years	164	250	165	308	209
ahead?	313	245	339	239	245	501	253	148
This	156	294
question	206	191	259	170	247	404	179	343	193	171
boils	224	190	268	315	182	449	211
down	183	78	125	170	127	263
to	301	243	97
an	203	173	62	99	188	208
issue	245	233	153	209	193	314	165
about	213	396	150	164	152	143	229
imbalances,	246	412	494	350	174	401	891	713	388	354
factors	218	197	102	245	220	438	215
that	238	89	279	80	328	170
might	178	230	211	107
constrain	203	195	221	605	217	217	238
the	256	216
ability	213	271	249	368	270	242	274
of	186	193	137
an	103
economy	181	227	319	331	219	554	378	184	377
to	198	204	458
grow	274	228	190	470
over	201	205	280	394	196	208	159
the	217	240
medium	278	188	230	245	111	189	325	249	226
term.	155	73	183	307	271	78	229
One	148	102	189	267	80
way	155	205	91	421	208
to	519	165	97
think	186	161	58	84	161
about	175	65	258	104	152	59	230	198
this	175	147	213	454
is	228	146	149	271	201
to	166	307	182	194
regard	210	354	229	132	186	282	180	451	168
recession	228	240	583	198	226	590	459	479	392
as	147	67	248	182
unpleasant	192	495	166	396	427	537	287	645	128
cleansing	209	318	193	265	287	571
experiences	269	186	451	222	485	194	663
-	
a	
bit	183	190	467
like	191	401
taking	290	228	227	722
a	236	486
cold	217	232	263	223	90
shower	246	198	74	191
with	172	104	190	242	309	253	172
a	214	174
lump	188	279	163	241	174
of	213	286	197
carbolic	235	312	236	175	108	1128	383	172
soap.	330	130	326	167	335	77	267
The	136	258
process	216	425	923	368	415	361	285
might	110	111	149	437	227
not	79	295
be	
very	234	177
pleasant	189	182	197
but	180	271	253
at	
least	171	275	240	160	223
you	184	118	187	181
come	163	729
out	167
more	242	196	196	230	454
hygienic,	452	183	175	196	169	597
if	310
not	284
smelling	160	713	416	219	535
of	154	149	159	578
roses.	352	294	259	424	308	663	270	443
Has	418	200
the	145	198	320	499	92	396	312
US	176	200	274	103	277
been	192	146	104	308	447	226	213	303
through	318	224	196	118	329	591	545	360	323
this	60	237	104	203
cleansing	365	229	321	273	257	298	318	175	178
experience?	191	212	336	235	157	402	335	184	477
To	231	295
date,	202	197	373	195	292	354	142	222
the	168	154	163	142	172	167
answer	327	451	128	252	63	254	280	186
is	133
probably	181	184	216	140	173	97	444	162	221
'no'.	199	207	230	152	106	381
The	153	316	153	210
current	164	307	170	379	230	104	257	282	224	307
account	237	180	241	396	243	311	184	179
deficit	172	273	352	387	384	152	391	476	131	218
is	156	207
large	177	244	249	214	96	426	298	392	236
and	217	184
is	209	110	246
likely	182	227	299	231	161	645	217	224	273	280
to	276	185	178	110
increase	150	169	241	164	477	250	188
even	184	207
further	168	245	341	162	112	193	272	209	125
in	198	127
the	195	190	197	318	276
short	273	265	117	198	238	201	185
term	206	243	185	143	237	147	181
if	212	208
the	324	336
economy	177	165	326	248	218	325	459	350	331
continues	211	253	188	186	185	325	435	528	191	204
to	151	200	103
rebound.	163	180	84	521	337	291	277
Consumers	397	374	105	101	159	60	207	308
have	72	461
yet	216	252	187	58
to	152	85	192	151
increase	493	188	233	172	223	672	602	247	261
their	258	204	120	102	194	309
savings	369	208	350	237	490	215	188	154
even	181	217	86	77	209
with	103	146	261	145	303	181	167	227
a	224
major	510	166	236	305	233	302
decline	352	256	188	372	787	118	316	166
in	192	142	70
asset	272	365	146	209	571	270	197
values.	786	153	300	412	159
Profits	206	165	322	175
have	369	344	269	105	269	209
seen	124	239	161
the	143	146	385	179	387
biggest	270	238	593	198	706	129	201	163
decline	404	458	188	544	390	152	149
in	62	202	288
the	199	261	202
post-war	230	295	475	674	181	289
period	199	391	354	391	381	150	278
and,	228	184	131	234	287
to	235	380	188	445	95
date,	260	521	169	300	344	256	340	416	231	249
have	269	92	178	142	146	115
shown	130	196	226	145	356	175	329
no	163	134	180	169
transparent	168	301	451	205	110	748	812	302	192	341
signs	189	211	207	92	289	187	237	314
of	309	243	329
a	226	179	156	190
rebound	273	207	516	169	735	391	213	262
(indeed,	166	303	221	214	313	170	383	209	252	261
transparency	189	278	388	144	638	473	260	417	391
and	64	186	118	83	118
profits	94	226	105	218	214	157	118
have	204	267	188	165
not	191	162	141	82	244	251
exactly	195	211	343	171	182	615	93	185	202	221
been	139	72	217
obvious	156	157	217	236	247	201	672	198	263	361
bedfellows	136	202	251	623	438	610	493	517	282	281
recently).	507	196	372	455	239	460	501	373	244	340
Basically,	180	146	632	236	266	171	350	284	266
we	101	144	82	141	156
are	233	249
not	177	139	191
out	235	182	204	166	194	220	239	240
of	
the	440	275	145
woods	276	230	74	313	265	129	81	121
yet.	169	432	198
If	188	185
anything,	218	261	211	247	362	563	232	370
financial	263	325	245	264	353	197	238
market	174	198	115	216	215	631	280	261
indicators	167	144	656	104	327	754	506	229
are	67	124	71	157	183
pointing	771	156	99	207	133	268	189
to	366	215	140	287
more	376	232	159	470	222	206	205
signs	346	218	195	203	84	195	118	201	265
of	263	173	138	148	295	227
distress.	359	334	223	239	178	215	403	369	191	355
Risky	384	329	302	443	408
assets,	457	152	326	428	188	282	667	180	629
like	298	176	287	111	91
equities,	159	371	484	131	472	266	993	267	561	485
have	463	144	129	317
fallen	145	365	491	385	372	257	138
in	115	104
value	223	826	140	591	191	170
relative	349	320	235	458	73	184	215
to	112	253	195
'safer'	223	271	175	356	614	173	150	330
investments	195	590	489	636	319	657	650	227	269
like	402	75	53	284	164
government	276	354	1007	393	522	541	378	278	158
bonds	177	246	265	717	320	239
and	146	204	243	205
cash.	158	266	290	362	469	552	261
Banks	363	477	196	322	569	373	179
continue	213	293	287	226	262	259	433	236	306
to	74
limit	317	255	152	264	171
lending	196	171	559	878	406	291	267	459	229	462
to	390	133	169	88	363	170	298
the	331	127	192	264	320
corporate	200	365	226	306	156	164	867	744	201	505
sector.	168	185	217	192	278	143	79	222	207	290
The	178	75
commercial	326	198	417	312	481	144	548	285	227	361
paper	223	218	149	132	174	351	201	253
market	77	219	197	267	150	478	527	257	173
has	198	244	230
dried	336	146	132	307	146	154	171	300
up.	443	232	132
These	90	179	148	224
factors	494	182	489	394	209	193	222	174	323	353
all	108	348	458
suggest	202	286	84	281	267	294	106	209	214	345
that	187	178	154	169	191	196
the	231	178	197
current	224	271	166	263	323	1262	259	229	202
recovery	443	194	162	217	294	315	203	230
may	249	243	446	124	613	218	177
fade	565	85	304	376	437	552	436
later	164	166	148	206	373	199	362
in	191	465
the	176	243	84	182
year.	170	188	134
The	110	233	59	354
Fed's	176	226	293	214	690	187	239
shot	325	340	372	310	349	232	288	73
in	345	266
the	318	241	122	215	181	325	245	181	153
arm	186	246	445	123	222	486
last	309	179
year	229	244	319	189	159	136	237	174	549
may	204	128	208
have	214	259	243	179	680	91	232
given	261	204	650	61	427	407	243	228
the	190	236	204
US	198	84	54	652	197	148
economy	180	127	53	449	678	153
enough	192	239	229	406	342	167
strength	184	224	155	91	278	293	181
for	204	272	97
a	183
short	264	292	207	325	256	459	53	126	238	217
sprint	279	156	294	229	754	360	260	245
forward	230	93	167	240	423	709	376
but	243	149	186
America's	220	140	216	213	394	231	279	199	194	279
reputation	211	407	151	310	226	214	419	345	193	345
as	277
a	173	111	278
long-	224	274	367	86	245	240
distance	87	235	380	224	186	166
runner	215	179	382	192	216
may	152	21	114	142
be	289	404	367
fading.	307	528	378	454	525	79	231	497	302
Pain	452	152	244	288	189	161	249
de	254	115	143	213	208
campagne,	248	257	500	239	424	791	224	914
sourdoughs,	160	826	399	523	506	412	985	399	631
baguettes,	258	728	412	382	347	479	595	284	407
ciabatta	231	296	319	367	292	483	496	234	377
and	229	210
exotic	146	242	328	360	493	241	383	383
loaves	128	103	339	62	185	161	210
incorporating	106	460	265	164	260	1162	147	145
everything	178	330	251	243	245	210	501	906	201	229
from	168	158
carrot	125	148	230	221	356	173	365	161	303
to	586	132	165	175
olives,	97	61	263	544	228	284	478	402	228	238
spinach	197	379	266	310	211	243	196	445
to	325	175	85	440	157	217
sun-dried	56	352	472	317	188	466	493	191	483
tomato.	464	114	170	137	200	184	274	203
The	177	125
supermarkets'	229	805	342	246	174	288
bakery	218	240	114	306	240	201	96	182	198	230
shelves	384	155	273	171	191	273	176	289
are	242	238	178
chock-a-block,	441	507	401	611	379	284	758	446	433	562
and	188
judging	216	414	197	266	278	326	257	207	214	239
by	163	172	287	223
the	631	82	215	117	130	241
mind-boggling	298	306	529	408	165	635	271	281	463
variety	430	95	378	224	187	200
on	124	328
offer,	187	262	199	229	158	516	624	173	409
real	192	446	409	71	140
bread	263	593	374	633	310	400	135	289	320
seems	404	215	572	131	301	184	185
to	413	315	378
be	247	211	214	59	148	164
enjoying	182	262	275	597	157	547	615	182	276
a	222
massive	177	588	179	266	496	233	236	216	603
revival	146	683	249	166	167	463	656	184	79	263
in	165	247	141	243	159
Britain.	139	177	126	329	478	324
But	121	336	392	442
has	356	105	224
good,	201	151	878	219
traditionally	356	419	240	312	648	691	413
made	251	183	134
bread	358	229	237	363	411
really	221	411	162	13	774	211	183
made	469	190	224	680
a	222	579	81
comeback?	344	776	241	268	271	164	479
The	186	251	354	105
suggestion	330	150	675	124	1142	410	359
prompts	217	409	325	308	295	673	392	278	210
Tom	141	205	211	354	347
Jaine,	205	156	181	204	198	681	278	334	811
former	171	213	198	166	182	453	203	175	200
editor	214	134	208	131	113	104	182	155	191
of	142	125
the	184	95	231
Good	65	149	229	235	314	205	165	232
Food	152	390	196	121	128	902	407	187	250
Guide	178	324	234	346	626	165	143
and	139
author	230	198	309	168	728	272	172	233
of	
Making	164	380	146	198	254	251	165	183
Bread	153	240	113	251	79	188	191
At	194
Home	189	268	153	118	162	211
(Cassell,	279	194	160	321	311	236	407	555	181	316
9.99),	368	828	165	193	325	181
to	55	516
froth	145	215	342	201	139	414	429	373
like	160	478	541	387	336	418	188
over-yeasted	576	587	1193	1617	460	619	659	552	377	525
dough.	324	188	598	299	281	149	176
'Most	576	200	229	279	261	332	267	278
of	330	307
the	262	222	212
bread	142	232	79	166	139
that	164	163	188	358
masquerades	164	278	247	199	270	349	130	361	214	273
as	205	373	155	254
real	239	200	369	446	513	188	191
isn't	217	180	305	496	259	187
real	215	211	239	72	93	218	196	386
at	217	202	202	77	217
all.	159	177	91	89	225	185
In	233	64	182	355	193
a	179	62
tiny	171	237	299	237	313	117	107
way,	179	229	248	262	104	123	247	165
it	132	186	245
is	203	127	125	162	175	106	79
different	174	148	128	123	135
from	194	155	106	231
the	189	227	121	183
supermarket	200	303	451	287	211	309	98	465	319	209
bread	185	88	217	197	234	164	263
of	154	171	242
10	278	173	184	182
years	266	448	270	187	192	191	172
ago,	216	76	258	243	218	179	188
but	222	143
it's	192	290	146	190	201	165
no	223	213	64	437
better.	181	134	118	173	104	190	475
I've	119	213	208	159
just	181	59	99	127
eaten	114	106	258	130	111
a	92
sunflower-seed	285	684	216	945	775	197	559
loaf	218	777	170	357	201	313
from	449	199	187	392	136	170
Duchy	418	549	915	180	245	994	155
Originals	200	306	291	335	256	430	392	274
that	271	177	286	185	370	620	245
was	173	435	155
every	140	296	383	226	461	119	362	161
bit	521	211	239	614	215
as	204	191	142	150
nasty	498	224	253	250	251	379	193	276
as	220	147	227	251
mass-produced	214	352	495	494	418	400	430	716	370	546
bread.	190	344	300	207	113	135	219	199	274
Supermarket	233	336	464	326	224	207	325	300	193	281
sourdoughs	290	301	358	311	147	446	676	907	112	868
made	227	406	468	581	822	450	178	437
ostensibly	191	446	380	434	164	279	704	838	189	268
with	184	270	132	144	140	115	154	153	172
natural	181	380	195	323	265	73
leavens	850	227	466	198	153	133	298	266	597
are	241	152	277	901	337
as	104	343	165	308	258
insubstantial	409	220	742	777	319	350	808	991	244	379
and	334	130
characterless	199	300	615	583	332	298	930	410	337	320
as	162	173
the	140	229	188	231	203	387	151	228	189
ones	198	167	115	179	220	214	77
they	358	115	158	158	107
used	212	296	63	112	89	197	191	198	128
to	129	70
make	240	799	228
with	178	205	184	176	135
yeast.'	237	344	356	172	235	147	250	282
Jaine	300	434	137	534	200
insists	240	181	410	678	182	310	357	313	448
that	126	176	246	188	101
'the	191	482	69	179
move	205	550	283	271	271	436	519	232	164
to	156	188	250	266	186	661
real	273	196	315	188	508	480	173	237
bread	175	165	219	152	221	176	178	176
is	235	141
actually	163	85	266	254	122	181	258	211	186
restricted	163	212	272	363	447	249	183
to	147	434	283	86
a	271	285	309	240	142	186
minute	550	295	184	606	733	230	145
proportion	224	265	484	329	198	313	336	473	347	421
of	176
the	197	160	153
London	197	305	288	128	337	215	120	159	187	278
middle	254	271	281	255	256	126	499	452	178	222
class'.	179	397	151	154	821	166	154
Certainly,	284	320	263	298	451	291	146	257	484	207
a	259	107	103
fine	202	158	123	409	268
crop	221	876	454
of	409	303	188	162
good	217	240	298	69	113
bread	266	243	169	153	127	449	300	183	184
shops	207	202	247	249	116	95	199
has	229	269
appeared	356	261	613	290	149	555	350	211	239
in	70	210	160	253	156
the	237	244
capital	184	290	396	203	269	259	366	214	337
in	458	222
the	185	202	100	221	74	191	202
past	190	309	378	229	143
few	347	253	80
years,	313	284	416	221	407	382	50
mainly	226	573	229	225	219	231	356	195	292
in	112
the	238	211	208
posher	188	267	272	232	210	204	421	479	155	198
postal	79	360	283	263	449	283	496	173	212
districts.	345	724	539	195	539	382	457	167	395
The	79	188
haute	196	551	155	389	271	481	276	306	249	171
couture	326	115	417	333	414	359	371	423	182	349
pinnacle	445	348	608	134	282	437	418	249	360
of	251	189	182	264
real	221	402	236	221	209	291	175
bread	137	107	139	59	203	80	153
is	153	239
represented	144	383	162	284	475
by	343	427	445
Poilne.	415	313	688	291	479	1174	323	450	269
The	184	641	125	271	194
signature	231	181	192	368	364	55	773	233	317	183
bread	231	113	236	312	555	413	254	261	286
produced	394	742	201	269	81	190	479	188	249
from	184	184	175	187	204
the	183	171	214	63	469	170
wood-fired	438	307	454	589	298	204	523	630	315	433
stoves	221	267	161
of	150	193
its	110	258	265	273	231
Belgravia	263	339	457	322	429	507	199	499
bakery	336	184	150	297	340	189	97	353	190	139
(the	70	190	175	182	209
only	178	82	151	238	219	494	151	210
Poilne	328	483	292	243	226	365	505	181
outlet	196	406	314	385	196	346	68	184	306
outside	262	250	452	235	141	316	408	194
Paris)	164	181	206	250	172	258	214	99	230
is	146	95	73	201	181
a	128	248	250
tremendous	80	541	165	214	145	205	213
sourdough	266	578	210	473	197	475	1083	85	186	242
loaf	397	208	393	222	127	660
of	177	203	443	415	185
close	223	346	562	375	229	411	330	203
texture	192	207	547	126	168	381	154	170	346
and	175	129	115
wonderful,	203	325	438	715	385	149	296	606	157	531
complex	227	322	268	281	405	295	707	107	90
flavour.	170	83	207	308	264	165	153	226
This	725	95	132	390	316
bread	187	247
is	213	140
famously	219	273	249	287	490	303	231
the	182	221	185	284	358	201	125
favourite	248	175	284	233	223	540	816	406	209	334
crust	438	239	591	168	658	162	251
of	162	190	178
de	233	228	319	272	344	167	236
Niro,	412	245	459	1020	92	289	439	173	160
Bacall	224	254	835	948	318	174	569	275	289	318
and	128	450	310	240	184
Deneuve	291	235	1134	807	1139	430	193	203
-	229	346	140
but	196	388	435	974	347
don't	645	220	231	249	202	300	193	254
let	235	58	246
that	197	147	161	188	212	280	223	116	188
put	255	159	231	221
you	239	203	308	128	162	126	183	212
off,	313	110	326	76	140	195	96	172
or	277	207
the	399	210	91	205	371	315	324
fact	248	173	98	145	354	165
that	412	196	64	183	137	177	241
a	
loaf	196	243	142	179	231	142	195	337	184	192
costs	308	323	387	195	230	350	176	207
around	177	210	211	185	159	198	451	349	307
6.	271	356	297	148	192	344	265
Weighing	190	464	143	922	213	221	403	315	168	201
the	713	83	132
best	83	195
part	191	392	159	194	360	158
of	204	97	184	179	184	393
2kg,	465	1636	159	210	234	165	343
it	167	243
will	119	275	175	337	140	320	235	99
last	190	241	93	506	139	203	202	594	195	222
most	508	209	418	525
families	188	229	252	741	317	188	238	391	193	199
for	263	237	432	123	228
a	203	253
week	286	205	339	248	104	179	247	151
or	192	248	123	217
more.	354	471	210	592	157	336	133	234
Another	245	133	484	154	1156	371	187	151
welcome	639	300	315	245	152	651	210	466	170	210
French	227	180	270	943	88	89
newcomer	437	396	193	186	172	59	258	237	180
is	
the	222	154	215	306	225	329	164	138
Paul	226	154	679	113	232	152	199	277	297
bakery	270	328	494	395	138	85	53	215	322	236
in	285	94
Covent	265	328	237	275	447	51	89	234	202	340
Garden,	341	130	156	198	141
the	200	175	171	164
first	229	322	249	70	362	370	167	301	187	124
English	123	93	215	108	171	143
branch	682	1160	166	269
of	191	196	216
a	263	267
chain	265	210	388	241	427	391
with	265	601	305	282	204
250	197	176	439	266	152	347	223	171
outlets	1004	406	260	542	259	526	462	525	193
in	233	178	232	212
France.	494	200	282	162	556	232	272	227
The	184	190	257	62	195
Baker	815	206	469	202	358	610	478	326	267	467
&	246	185	64	105	233
Spice	456	428	343	885	225	159	577	151	221	279
bakery	507	192	321	271	602	751	174	376
in	294	233	200	255
South	106	537	104
Kensington	815	56	218	255	142	102	250
produces	194	416	367	914	199	226
equally	229	287	251	157	260	188	218
superb	195	295	262	651	249	202	408	901	196	273
bread,	103	163	333	202	183	437	270	118	249
which	64	215	243	444	188
can	205	160	149	451	252	190
also	207	186	188	352	233	229	185
be	198	183	127	146
bought	197	184	434	429	218	224	131
at	175	475	56	251	288	328	101
branches	339	354	244	196	495	377	108
of	525	148	181	188	270	170
Konditor	239	74	492	812	236	254	388	367	175	320
&	133	175
Cook.	287	269	302	222	282	88	243	267	145
If	308	453
you	210	128	192	299
see	177	191	151	178	229	222	193	235
their	115	360	250	353	399	216
San	229	73	385	230	282	173	171
Francisco	204	200	274	164	262	206	164	358
sourdough	197	195	267	234	82	354	272	213
or	267
potato-and-	238	392	488	250	123	911	518	469	635
rosemary	328	195	317	72	83	253	234
bread,	213	190	223	192	155	278
snap	140	175	316	293	375
it	342	168	324	219
up	172	188	170
before	212	185	326	377	241	203	579	229	163
someone	161	189	220	255	142	345	330	171	184
else	149	195	136	226
does.	204	294	177	149	636	178	159
The	204	229
three	272	197	277	308	164	278	572	202	218
branches	177	270	228	63	420	359	311	905	85	189
of	78	83	146
de	116	429	441	207
Gustibus	258	214	508	306	395	206
sell	354	266	247	337
20	220	247	68	70	200	300
fine	228	284	131
breads.	228	478	201	225	202	324	345
Black	199	89	263	364	173	313
Forest	265	155	164	196	361	269	244	253	176
rye	253	156	63	266
and	188	156	226	86	187	303
roasted	208	409	177	246	354	62	213	210
onion	215	241	94	234	203	192	229
rye	265	253	241	187	218	456	351	110	161
are	300	208	213	146	162
particularly	233	178	237	152
worth	213	224	205	207	194
seeking	197	177	141	228	210	438
out.	179	88	196	182	390	146
London's	889	428	237	261	159	237	282
latest	354	353	515	188	342	528	580	201
and	381	229
coolest	671	161	232	268	195	297	250	240	219
are	161	234	108	173
the	177	158	104	176	206	249
two	457	194	170	297
Exeter	164	461	170	101	151	572	254
Street	192	304	149	298
Bakery	142	126	158	224	149
shops	112	333	171	665	169
in	152	329
Kensington	266	278	474	228	74	329	469	307
and	217	107
Covent	165	334	195	118	162
Garden	188	92	285	195	468	315
selling	483	238	380	197	187	261	253
Italian	249	291	189	175	302	314	152
breads	371	225	257	146	188	307	318
and	497	128	116
pizzas	275	774	225	299	264	206	293
perfected	221	585	388	69	259	75	198	212
by	
the	166	236	181	432
restaurateur	221	352	339	458	304	246	717	344	443
who	194	184	112	95
brought	433	298	235	338	187	60	104	197	369
Joe	195	136	220	226	169
Allen	364	335	362	113	228	320
over	213	188	323	182	268
here.	202	259	257	161	314	417	300
Then	173	172	159	148	178	331	144
there's	211	193	137	166	357	238	135
the	162	149	281
10	188	249	252	424	198
branches	266	180	256	151	386	213	199
of	212	291
Maison	231	247	222	457	254	193	352	238	185	301
Blanc...	213	255	299	290	153	103	357	252
But	200	435
where	206	357	197	146	660	402	381	430	202	328
does	146	181	53	188	148
this	334	110	174	185	346	202
leave	150	269	287	259	321	111	197
real-	52	179	118	229	375	111	97
bread	217	198	400	162
addicts	248	262	375	254	159	235
who	187	196	132
live	190	331	195	172	78	175	151	388
outside	184	502	107	192	237	165	223	242
London?	175	190	69	188	100	184	535	716	194	207
Sainsbury's	249	178	346	280	221	270	205	203	341
claims	247	115	713	399	363	173	254	244	95	281
to	92
be	85	492	189	196	170
making	207	212	241	124	224	203	150	156
the	117	170	258	91	62
right	129	188	195	120	178	244	126	151
stuff.	200	213
As	219
part	204	121	305	230
of	
its	206	213	213	199
Taste	233	387	241	65	212
the	211	257	144	68	185	194
Difference	191	209	111	351	263	207	206	182	324
range,	370	327	229	181	55	192	178	260
two-thirds	206	345	448	313	146	111	330
of	223	282
Sainsbury's	384	147	234	193	440	204
300	160	149	161	166	96
stores	98	423
now	183
stock	189	387	162	188	121	576
a	251	55
range	237	201	195
of	236	228	67
speciality	202	380	265	572	360	83	597	245
breads.	155	255	149	254	196	504	531	248
Not	204	182
a	187	182
bad	271	222	237	329
effort,	197	287	484	190	359
you	149	188	203	186
think	277	549	114	115
at	342
first.	301	390	315	224	245	309	193
The	294	190	183	128	58	162
French	229	345	212	171	210
Country	261	214	160	476	355	366	196	258
Loaf	187	213	184	184	319	170	174	196
certainly	177	289	464	378	185	273	337	288	172
looks	153	121	198	191	238	146	65	188	210
the	176	173	97	151	76	163
part,	272	257	233	134	151	172	178	189
but	285	299	238
the	257	179	131	193	152	180	329	205
crust	196	185	278	203	206	172	177	232
was	176	125	221	216
too	338	187	118	122	245	167
thin	181	190	216	120	232
and	192
the	211	212	214	262	146	226
crumb	144	224	99	492	215	192
was	180	204	229	277
too	308	580	259	207	508	154	206	218
open-textured.	454	532	1427	721	253	441	869	356	356	349
Worse	165	299	334	65	211
still,	307	218	253	309	142	347	246	155	264	160
it	
was	177	234	163	195	315	180	239
so	477
salty	78	218	292	200	196	547	190	219	215
that	259	198	103	181	51	220	205	119
we	217	195	147	122	142	76
ended	271	192	53
up	196	230	170
throwing	290	243	233	206	182	180	263
it	285	217	208
out.	188	280	151	146	347	392	283
Sainsbury's	190	351	524	346	243	293	294	959	205	189
raisin-and-rosemary	445	748	436	773	659	382	1075	506	662	643
loaf	189	163	181	759	243	152	178
is	314	403
vast	221	232	273	820	233	320	151	257
for	83	284	313	102
1.99,	184	427	135	416	182
but	327	465	264	191
the	182	371	150	192
raisins	505	206	145	179	158	251	197
proved	203	239	739	168	478	294	123	187
to	162	291	238
be	191	149	210	161	180	194
few	1253	173	238	282
and	339	404	297	123	193
far	287	181	148	174	121	310	104	313
between.	497	209	358	206	190	77	242	376	208
A	302
seed-and-honey	583	207	670	745	344	1347	692	345	570
loaf	162	145	243	104
was	221
OK	354	137	179
for	146	381	61
toasting.	199	318	329	60	549	414
One	198	159	462
grain	349	407	214	697	224	403	327
of	509	193	397
comfort	158	265	894	133	240	445	433	313
for	331	180	398
non-metropolitan	272	609	837	447	349	684	875	551
loaf-lovers	337	531	1051	652	240	578	160
is	271	381	219	303
mail	213	467	442	212	283	189	251
order.	345	236	138	168	216	384	198	200	280
The	170
Village	238	321	495	218	208	247	174	194	217
Bakery	247	250	253	165	208	181	358	193	229
will	107	187	73	123	173
ship	229	78	233	187	531	394	198
from	153	192	176	189	147	163	155
its	185	262	85	179
Cumbrian	221	240	485	470	300	51	182	323
ovens	319	160	152	198	294	406	352	447
any	348	343
order	184	209	141	286	128	91	465	230
for	149	165
a	323	121	180	213
flat	252	364	340	130	199
rate	436	152	228	316
of	223	225
4.95.	527	78	345	372	500	708	620	421
You	186	159	202
can	167	244	91	189	123	152	350	213	206
choose	339	92	275	220	140	445	375	178
from	382	213	143
17	149	221	140	210	146	244	184
breads,	478	211	305	145	367	201	190
all	242	234	242	272
baked	246	304	243	56	224	193
in	132	238
a	320	258
wood-	663	364	228	104	281	224
fired	208	196	301	166
oven,	142	213	158
including	356	188	157	454	264	195
a	184	230
natural-leaven	192	630	546	585	551	329	854	422
campagne	243	1304	230	53	451	527
and	146	154	130	258	251
a	139
Russian	259	166	119	597	188	460	256
sourdough	314	188	564	389	116	403	357
called	84	243	207	175	61	199	296
Rossisky.	543	600
